Date,Close,High,Low,Open,Volume,Symbol,Security Name
,ICCC,ICCC,ICCC,ICCC,ICCC,,
2015-11-09,6.670000076293945,6.929999828338623,6.510000228881836,6.789999961853027,4600,ICCC,ImmuCell Corporation - Common Stock
2015-11-10,6.5,6.730000019073486,6.420000076293945,6.449999809265137,4200,ICCC,ImmuCell Corporation - Common Stock
2015-11-11,6.900000095367432,6.989999771118164,6.590000152587891,6.590000152587891,2300,ICCC,ImmuCell Corporation - Common Stock
2015-11-12,6.75,6.889999866485596,6.610000133514404,6.71999979019165,2700,ICCC,ImmuCell Corporation - Common Stock
2015-11-13,7.400000095367432,7.800000190734863,7.349999904632568,7.5,29900,ICCC,ImmuCell Corporation - Common Stock
2015-11-16,7.5,7.630000114440918,7.400000095367432,7.5,8200,ICCC,ImmuCell Corporation - Common Stock
2015-11-17,7.409999847412109,7.679999828338623,7.409999847412109,7.670000076293945,6500,ICCC,ImmuCell Corporation - Common Stock
2015-11-18,7.409999847412109,7.730000019073486,7.409999847412109,7.699999809265137,5300,ICCC,ImmuCell Corporation - Common Stock
2015-11-19,7.5,7.650000095367432,7.409999847412109,7.429999828338623,2200,ICCC,ImmuCell Corporation - Common Stock
2015-11-20,7.5,7.5,7.5,7.5,0,ICCC,ImmuCell Corporation - Common Stock
2015-11-23,7.420000076293945,7.599999904632568,7.400000095367432,7.400000095367432,3700,ICCC,ImmuCell Corporation - Common Stock
2015-11-24,7.46999979019165,7.510000228881836,7.400000095367432,7.510000228881836,4000,ICCC,ImmuCell Corporation - Common Stock
2015-11-25,7.46999979019165,7.599999904632568,7.429999828338623,7.46999979019165,9400,ICCC,ImmuCell Corporation - Common Stock
2015-11-27,7.460000038146973,7.590000152587891,7.460000038146973,7.590000152587891,1400,ICCC,ImmuCell Corporation - Common Stock
2015-11-30,7.599999904632568,7.599999904632568,7.360000133514404,7.460000038146973,9600,ICCC,ImmuCell Corporation - Common Stock
2015-12-01,7.460000038146973,7.579999923706055,7.460000038146973,7.579999923706055,600,ICCC,ImmuCell Corporation - Common Stock
2015-12-02,7.380000114440918,7.460000038146973,7.380000114440918,7.460000038146973,1100,ICCC,ImmuCell Corporation - Common Stock
2015-12-03,7.380000114440918,7.380000114440918,7.380000114440918,7.380000114440918,400,ICCC,ImmuCell Corporation - Common Stock
2015-12-04,7.440000057220459,7.559999942779541,7.380000114440918,7.400000095367432,9500,ICCC,ImmuCell Corporation - Common Stock
2015-12-07,7.380000114440918,7.559999942779541,7.380000114440918,7.480000019073486,2400,ICCC,ImmuCell Corporation - Common Stock
2015-12-08,7.449999809265137,7.710000038146973,7.349999904632568,7.349999904632568,13200,ICCC,ImmuCell Corporation - Common Stock
2015-12-09,7.380000114440918,7.590000152587891,7.380000114440918,7.590000152587891,4200,ICCC,ImmuCell Corporation - Common Stock
2015-12-10,7.440000057220459,7.590000152587891,7.300000190734863,7.579999923706055,11000,ICCC,ImmuCell Corporation - Common Stock
2015-12-11,7.360000133514404,7.440000057220459,7.360000133514404,7.440000057220459,600,ICCC,ImmuCell Corporation - Common Stock
2015-12-14,7.320000171661377,7.380000114440918,7.320000171661377,7.380000114440918,1800,ICCC,ImmuCell Corporation - Common Stock
2015-12-15,7.340000152587891,7.539999961853027,7.320000171661377,7.380000114440918,4900,ICCC,ImmuCell Corporation - Common Stock
2015-12-16,7.539999961853027,7.539999961853027,7.539999961853027,7.539999961853027,1100,ICCC,ImmuCell Corporation - Common Stock
2015-12-17,7.539999961853027,7.539999961853027,7.349999904632568,7.53000020980835,2300,ICCC,ImmuCell Corporation - Common Stock
2015-12-18,7.539999961853027,7.539999961853027,7.429999828338623,7.429999828338623,1300,ICCC,ImmuCell Corporation - Common Stock
2015-12-21,7.340000152587891,7.409999847412109,7.329999923706055,7.340000152587891,9400,ICCC,ImmuCell Corporation - Common Stock
2015-12-22,7.599999904632568,7.599999904632568,7.380000114440918,7.409999847412109,4700,ICCC,ImmuCell Corporation - Common Stock
2015-12-23,7.550000190734863,7.599999904632568,7.460000038146973,7.590000152587891,3500,ICCC,ImmuCell Corporation - Common Stock
2015-12-24,7.550000190734863,7.550000190734863,7.550000190734863,7.550000190734863,0,ICCC,ImmuCell Corporation - Common Stock
2015-12-28,7.440000057220459,7.460000038146973,7.440000057220459,7.460000038146973,900,ICCC,ImmuCell Corporation - Common Stock
2015-12-29,7.329999923706055,7.590000152587891,7.329999923706055,7.590000152587891,3800,ICCC,ImmuCell Corporation - Common Stock
2015-12-30,7.539999961853027,7.599999904632568,7.53000020980835,7.599999904632568,1300,ICCC,ImmuCell Corporation - Common Stock
2015-12-31,7.539999961853027,7.539999961853027,7.539999961853027,7.539999961853027,0,ICCC,ImmuCell Corporation - Common Stock
2016-01-04,7.429999828338623,7.429999828338623,7.429999828338623,7.429999828338623,2200,ICCC,ImmuCell Corporation - Common Stock
2016-01-05,7.440000057220459,7.53000020980835,7.440000057220459,7.440000057220459,2500,ICCC,ImmuCell Corporation - Common Stock
2016-01-06,8.079999923706055,8.289999961853027,7.539999961853027,7.75,23600,ICCC,ImmuCell Corporation - Common Stock
2016-01-07,7.829999923706055,8.100000381469727,7.769999980926514,8.100000381469727,6200,ICCC,ImmuCell Corporation - Common Stock
2016-01-08,7.889999866485596,8.029999732971191,7.820000171661377,8.010000228881836,9600,ICCC,ImmuCell Corporation - Common Stock
2016-01-11,7.789999961853027,7.929999828338623,7.599999904632568,7.619999885559082,4800,ICCC,ImmuCell Corporation - Common Stock
2016-01-12,7.880000114440918,7.880000114440918,7.880000114440918,7.880000114440918,100,ICCC,ImmuCell Corporation - Common Stock
2016-01-13,7.739999771118164,7.880000114440918,7.699999809265137,7.710000038146973,7000,ICCC,ImmuCell Corporation - Common Stock
2016-01-14,7.800000190734863,7.849999904632568,7.599999904632568,7.849999904632568,3300,ICCC,ImmuCell Corporation - Common Stock
2016-01-15,7.78000020980835,7.789999961853027,7.5,7.599999904632568,6300,ICCC,ImmuCell Corporation - Common Stock
2016-01-19,7.510000228881836,7.800000190734863,7.510000228881836,7.800000190734863,4400,ICCC,ImmuCell Corporation - Common Stock
2016-01-20,7.210000038146973,7.659999847412109,6.949999809265137,7.659999847412109,10900,ICCC,ImmuCell Corporation - Common Stock
2016-01-21,7.619999885559082,7.699999809265137,7.349999904632568,7.510000228881836,3200,ICCC,ImmuCell Corporation - Common Stock
2016-01-22,7.489999771118164,7.769999980926514,7.239999771118164,7.769999980926514,4700,ICCC,ImmuCell Corporation - Common Stock
2016-01-25,7.460000038146973,7.650000095367432,7.460000038146973,7.489999771118164,1100,ICCC,ImmuCell Corporation - Common Stock
2016-01-26,7.519999980926514,7.519999980926514,7.239999771118164,7.239999771118164,1600,ICCC,ImmuCell Corporation - Common Stock
2016-01-27,7.659999847412109,7.659999847412109,7.519999980926514,7.519999980926514,400,ICCC,ImmuCell Corporation - Common Stock
2016-01-28,7.739999771118164,8.100000381469727,7.579999923706055,7.760000228881836,6000,ICCC,ImmuCell Corporation - Common Stock
2016-01-29,5.869999885559082,6.239999771118164,5.599999904632568,5.949999809265137,183300,ICCC,ImmuCell Corporation - Common Stock
2016-02-01,6.309999942779541,7.090000152587891,6.010000228881836,7.090000152587891,26900,ICCC,ImmuCell Corporation - Common Stock
2016-02-02,6.150000095367432,6.460000038146973,6.070000171661377,6.25,31300,ICCC,ImmuCell Corporation - Common Stock
2016-02-03,6.349999904632568,6.940000057220459,6.130000114440918,6.639999866485596,37700,ICCC,ImmuCell Corporation - Common Stock
2016-02-04,6.199999809265137,6.5,6.159999847412109,6.5,31200,ICCC,ImmuCell Corporation - Common Stock
2016-02-05,6.170000076293945,6.980000019073486,6.090000152587891,6.369999885559082,49100,ICCC,ImmuCell Corporation - Common Stock
2016-02-08,6.0,6.170000076293945,6.0,6.170000076293945,15600,ICCC,ImmuCell Corporation - Common Stock
2016-02-09,6.300000190734863,6.300000190734863,6.150000095367432,6.150000095367432,13200,ICCC,ImmuCell Corporation - Common Stock
2016-02-10,6.21999979019165,6.309999942779541,6.059999942779541,6.309999942779541,23200,ICCC,ImmuCell Corporation - Common Stock
2016-02-11,6.050000190734863,6.300000190734863,5.800000190734863,6.0,22800,ICCC,ImmuCell Corporation - Common Stock
2016-02-12,5.900000095367432,6.0,5.849999904632568,5.940000057220459,7900,ICCC,ImmuCell Corporation - Common Stock
2016-02-16,6.199999809265137,6.25,5.949999809265137,6.010000228881836,6100,ICCC,ImmuCell Corporation - Common Stock
2016-02-17,6.190000057220459,6.25,6.010000228881836,6.25,2700,ICCC,ImmuCell Corporation - Common Stock
2016-02-18,6.099999904632568,6.21999979019165,6.050000190734863,6.159999847412109,5100,ICCC,ImmuCell Corporation - Common Stock
2016-02-19,6.059999942779541,6.159999847412109,6.050000190734863,6.119999885559082,2800,ICCC,ImmuCell Corporation - Common Stock
2016-02-22,6.079999923706055,6.199999809265137,6.050000190734863,6.059999942779541,5700,ICCC,ImmuCell Corporation - Common Stock
2016-02-23,6.0,6.130000114440918,6.0,6.110000133514404,16200,ICCC,ImmuCell Corporation - Common Stock
2016-02-24,5.860000133514404,6.03000020980835,5.849999904632568,6.0,5200,ICCC,ImmuCell Corporation - Common Stock
2016-02-25,5.96999979019165,6.0,5.800000190734863,6.0,8600,ICCC,ImmuCell Corporation - Common Stock
2016-02-26,5.880000114440918,5.949999809265137,5.800000190734863,5.920000076293945,4000,ICCC,ImmuCell Corporation - Common Stock
2016-02-29,5.949999809265137,5.989999771118164,5.849999904632568,5.849999904632568,4500,ICCC,ImmuCell Corporation - Common Stock
2016-03-01,6.0,6.0,5.949999809265137,5.949999809265137,13700,ICCC,ImmuCell Corporation - Common Stock
2016-03-02,6.0,6.0,5.920000076293945,6.0,20900,ICCC,ImmuCell Corporation - Common Stock
2016-03-03,5.980000019073486,6.199999809265137,5.980000019073486,6.099999904632568,6500,ICCC,ImmuCell Corporation - Common Stock
2016-03-04,6.190000057220459,6.25,6.139999866485596,6.139999866485596,26400,ICCC,ImmuCell Corporation - Common Stock
2016-03-07,6.099999904632568,6.25,6.059999942779541,6.239999771118164,2500,ICCC,ImmuCell Corporation - Common Stock
2016-03-08,6.059999942779541,6.099999904632568,6.059999942779541,6.059999942779541,3500,ICCC,ImmuCell Corporation - Common Stock
2016-03-09,6.110000133514404,6.199999809265137,6.059999942779541,6.079999923706055,1500,ICCC,ImmuCell Corporation - Common Stock
2016-03-10,6.239999771118164,6.239999771118164,6.099999904632568,6.099999904632568,14400,ICCC,ImmuCell Corporation - Common Stock
2016-03-11,6.320000171661377,6.340000152587891,6.090000152587891,6.090000152587891,13800,ICCC,ImmuCell Corporation - Common Stock
2016-03-14,6.289999961853027,6.400000095367432,6.110000133514404,6.210000038146973,2300,ICCC,ImmuCell Corporation - Common Stock
2016-03-15,6.309999942779541,6.46999979019165,6.199999809265137,6.199999809265137,30200,ICCC,ImmuCell Corporation - Common Stock
2016-03-16,6.489999771118164,6.5,6.309999942779541,6.380000114440918,7400,ICCC,ImmuCell Corporation - Common Stock
2016-03-17,6.670000076293945,6.809999942779541,6.110000133514404,6.5,8400,ICCC,ImmuCell Corporation - Common Stock
2016-03-18,6.909999847412109,6.989999771118164,6.739999771118164,6.75,15900,ICCC,ImmuCell Corporation - Common Stock
2016-03-21,6.53000020980835,6.699999809265137,6.349999904632568,6.699999809265137,11700,ICCC,ImmuCell Corporation - Common Stock
2016-03-22,6.5,6.599999904632568,6.5,6.5,4600,ICCC,ImmuCell Corporation - Common Stock
2016-03-23,6.53000020980835,6.639999866485596,6.510000228881836,6.510000228881836,1200,ICCC,ImmuCell Corporation - Common Stock
2016-03-24,6.53000020980835,6.710000038146973,6.5,6.5,2300,ICCC,ImmuCell Corporation - Common Stock
2016-03-28,6.550000190734863,6.630000114440918,6.550000190734863,6.630000114440918,600,ICCC,ImmuCell Corporation - Common Stock
2016-03-29,6.860000133514404,6.949999809265137,6.800000190734863,6.840000152587891,2200,ICCC,ImmuCell Corporation - Common Stock
2016-03-30,6.949999809265137,6.989999771118164,6.889999866485596,6.989999771118164,1700,ICCC,ImmuCell Corporation - Common Stock
2016-03-31,6.849999904632568,6.949999809265137,6.789999961853027,6.889999866485596,3100,ICCC,ImmuCell Corporation - Common Stock
2016-04-01,6.550000190734863,6.739999771118164,6.550000190734863,6.739999771118164,300,ICCC,ImmuCell Corporation - Common Stock
2016-04-04,6.699999809265137,6.699999809265137,6.699999809265137,6.699999809265137,300,ICCC,ImmuCell Corporation - Common Stock
2016-04-05,6.900000095367432,6.929999828338623,6.900000095367432,6.900000095367432,1700,ICCC,ImmuCell Corporation - Common Stock
2016-04-06,6.75,6.75,6.75,6.75,400,ICCC,ImmuCell Corporation - Common Stock
2016-04-07,6.710000038146973,6.949999809265137,6.710000038146973,6.949999809265137,5400,ICCC,ImmuCell Corporation - Common Stock
2016-04-08,6.5,6.619999885559082,6.5,6.619999885559082,12600,ICCC,ImmuCell Corporation - Common Stock
2016-04-11,6.699999809265137,6.730000019073486,6.699999809265137,6.730000019073486,800,ICCC,ImmuCell Corporation - Common Stock
2016-04-12,6.5,6.639999866485596,6.5,6.510000228881836,3100,ICCC,ImmuCell Corporation - Common Stock
2016-04-13,6.550000190734863,6.980000019073486,6.550000190734863,6.880000114440918,3700,ICCC,ImmuCell Corporation - Common Stock
2016-04-14,6.610000133514404,6.869999885559082,6.570000171661377,6.730000019073486,6000,ICCC,ImmuCell Corporation - Common Stock
2016-04-15,6.619999885559082,6.909999847412109,6.619999885559082,6.75,2100,ICCC,ImmuCell Corporation - Common Stock
2016-04-18,6.71999979019165,6.789999961853027,6.630000114440918,6.630000114440918,4800,ICCC,ImmuCell Corporation - Common Stock
2016-04-19,6.730000019073486,6.800000190734863,6.639999866485596,6.800000190734863,3200,ICCC,ImmuCell Corporation - Common Stock
2016-04-20,6.71999979019165,6.71999979019165,6.599999904632568,6.71999979019165,3100,ICCC,ImmuCell Corporation - Common Stock
2016-04-21,6.75,6.800000190734863,6.619999885559082,6.769999980926514,6300,ICCC,ImmuCell Corporation - Common Stock
2016-04-22,6.739999771118164,6.800000190734863,6.679999828338623,6.789999961853027,3600,ICCC,ImmuCell Corporation - Common Stock
2016-04-25,6.730000019073486,6.800000190734863,6.559999942779541,6.800000190734863,1300,ICCC,ImmuCell Corporation - Common Stock
2016-04-26,6.849999904632568,6.920000076293945,6.619999885559082,6.619999885559082,8600,ICCC,ImmuCell Corporation - Common Stock
2016-04-27,6.960000038146973,7.0,6.78000020980835,6.980000019073486,6000,ICCC,ImmuCell Corporation - Common Stock
2016-04-28,6.980000019073486,6.980000019073486,6.78000020980835,6.949999809265137,1100,ICCC,ImmuCell Corporation - Common Stock
2016-04-29,6.760000228881836,6.989999771118164,6.699999809265137,6.989999771118164,5500,ICCC,ImmuCell Corporation - Common Stock
2016-05-02,6.659999847412109,6.860000133514404,6.650000095367432,6.860000133514404,6200,ICCC,ImmuCell Corporation - Common Stock
2016-05-03,6.550000190734863,6.659999847412109,6.519999980926514,6.659999847412109,3100,ICCC,ImmuCell Corporation - Common Stock
2016-05-04,6.130000114440918,6.840000152587891,6.130000114440918,6.550000190734863,31400,ICCC,ImmuCell Corporation - Common Stock
2016-05-05,6.059999942779541,6.28000020980835,5.619999885559082,6.199999809265137,11400,ICCC,ImmuCell Corporation - Common Stock
2016-05-06,6.489999771118164,6.489999771118164,5.929999828338623,6.119999885559082,8900,ICCC,ImmuCell Corporation - Common Stock
2016-05-09,6.929999828338623,6.960000038146973,6.46999979019165,6.46999979019165,9100,ICCC,ImmuCell Corporation - Common Stock
2016-05-10,6.789999961853027,6.949999809265137,6.730000019073486,6.949999809265137,7900,ICCC,ImmuCell Corporation - Common Stock
2016-05-11,6.710000038146973,6.949999809265137,6.699999809265137,6.949999809265137,12500,ICCC,ImmuCell Corporation - Common Stock
2016-05-12,6.150000095367432,6.909999847412109,6.010000228881836,6.400000095367432,38900,ICCC,ImmuCell Corporation - Common Stock
2016-05-13,6.21999979019165,6.230000019073486,6.150000095367432,6.21999979019165,7700,ICCC,ImmuCell Corporation - Common Stock
2016-05-16,6.409999847412109,6.46999979019165,6.239999771118164,6.239999771118164,7700,ICCC,ImmuCell Corporation - Common Stock
2016-05-17,6.699999809265137,6.800000190734863,6.5,6.5,6800,ICCC,ImmuCell Corporation - Common Stock
2016-05-18,7.099999904632568,7.380000114440918,6.800000190734863,6.800000190734863,16100,ICCC,ImmuCell Corporation - Common Stock
2016-05-19,6.760000228881836,7.210000038146973,6.590000152587891,7.159999847412109,22700,ICCC,ImmuCell Corporation - Common Stock
2016-05-20,6.909999847412109,6.909999847412109,6.909999847412109,6.909999847412109,200,ICCC,ImmuCell Corporation - Common Stock
2016-05-23,6.670000076293945,6.960000038146973,6.599999904632568,6.710000038146973,7000,ICCC,ImmuCell Corporation - Common Stock
2016-05-24,6.820000171661377,6.929999828338623,6.699999809265137,6.699999809265137,5500,ICCC,ImmuCell Corporation - Common Stock
2016-05-25,6.760000228881836,6.920000076293945,6.699999809265137,6.920000076293945,8300,ICCC,ImmuCell Corporation - Common Stock
2016-05-26,6.880000114440918,6.920000076293945,6.880000114440918,6.920000076293945,1000,ICCC,ImmuCell Corporation - Common Stock
2016-05-27,6.78000020980835,6.900000095367432,6.699999809265137,6.809999942779541,2400,ICCC,ImmuCell Corporation - Common Stock
2016-05-31,6.769999980926514,6.929999828338623,6.75,6.880000114440918,3500,ICCC,ImmuCell Corporation - Common Stock
2016-06-01,6.610000133514404,6.650000095367432,6.460000038146973,6.650000095367432,6200,ICCC,ImmuCell Corporation - Common Stock
2016-06-02,6.409999847412109,6.409999847412109,6.409999847412109,6.409999847412109,100,ICCC,ImmuCell Corporation - Common Stock
2016-06-03,6.829999923706055,6.840000152587891,6.489999771118164,6.489999771118164,3500,ICCC,ImmuCell Corporation - Common Stock
2016-06-06,6.75,6.829999923706055,6.670000076293945,6.829999923706055,2400,ICCC,ImmuCell Corporation - Common Stock
2016-06-07,6.71999979019165,6.75,6.71999979019165,6.75,2100,ICCC,ImmuCell Corporation - Common Stock
2016-06-08,6.800000190734863,6.820000171661377,6.590000152587891,6.71999979019165,3100,ICCC,ImmuCell Corporation - Common Stock
2016-06-09,6.809999942779541,6.809999942779541,6.619999885559082,6.809999942779541,1100,ICCC,ImmuCell Corporation - Common Stock
2016-06-10,6.920000076293945,6.920000076293945,6.75,6.75,4400,ICCC,ImmuCell Corporation - Common Stock
2016-06-13,6.800000190734863,6.900000095367432,6.630000114440918,6.860000133514404,3700,ICCC,ImmuCell Corporation - Common Stock
2016-06-14,6.929999828338623,6.960000038146973,6.860000133514404,6.860000133514404,4000,ICCC,ImmuCell Corporation - Common Stock
2016-06-15,6.960000038146973,6.980000019073486,6.869999885559082,6.980000019073486,1500,ICCC,ImmuCell Corporation - Common Stock
2016-06-16,6.829999923706055,6.840000152587891,6.789999961853027,6.840000152587891,1100,ICCC,ImmuCell Corporation - Common Stock
2016-06-17,6.670000076293945,6.829999923706055,6.650000095367432,6.650000095367432,5600,ICCC,ImmuCell Corporation - Common Stock
2016-06-20,7.039999961853027,7.050000190734863,6.650000095367432,6.650000095367432,2100,ICCC,ImmuCell Corporation - Common Stock
2016-06-21,7.019999980926514,7.019999980926514,7.019999980926514,7.019999980926514,100,ICCC,ImmuCell Corporation - Common Stock
2016-06-22,7.0,7.059999942779541,7.0,7.059999942779541,1400,ICCC,ImmuCell Corporation - Common Stock
2016-06-23,7.099999904632568,7.230000019073486,7.019999980926514,7.099999904632568,10200,ICCC,ImmuCell Corporation - Common Stock
2016-06-24,7.179999828338623,7.179999828338623,6.920000076293945,6.960000038146973,6200,ICCC,ImmuCell Corporation - Common Stock
2016-06-27,7.230000019073486,7.230000019073486,6.980000019073486,7.150000095367432,2500,ICCC,ImmuCell Corporation - Common Stock
2016-06-28,7.090000152587891,7.090000152587891,7.050000190734863,7.050000190734863,400,ICCC,ImmuCell Corporation - Common Stock
2016-06-29,7.21999979019165,7.239999771118164,7.159999847412109,7.199999809265137,6200,ICCC,ImmuCell Corporation - Common Stock
2016-06-30,6.900000095367432,7.230000019073486,6.900000095367432,7.110000133514404,6200,ICCC,ImmuCell Corporation - Common Stock
2016-07-01,6.599999904632568,6.96999979019165,6.599999904632568,6.949999809265137,11200,ICCC,ImmuCell Corporation - Common Stock
2016-07-05,6.659999847412109,6.659999847412109,6.550000190734863,6.599999904632568,7100,ICCC,ImmuCell Corporation - Common Stock
2016-07-06,6.590000152587891,6.619999885559082,6.570000171661377,6.599999904632568,5900,ICCC,ImmuCell Corporation - Common Stock
2016-07-07,6.46999979019165,6.579999923706055,6.46999979019165,6.550000190734863,3100,ICCC,ImmuCell Corporation - Common Stock
2016-07-08,6.75,6.789999961853027,6.460000038146973,6.53000020980835,5200,ICCC,ImmuCell Corporation - Common Stock
2016-07-11,6.900000095367432,7.159999847412109,6.809999942779541,7.130000114440918,5600,ICCC,ImmuCell Corporation - Common Stock
2016-07-12,7.0,7.059999942779541,6.949999809265137,7.059999942779541,3100,ICCC,ImmuCell Corporation - Common Stock
2016-07-13,6.840000152587891,7.0,6.710000038146973,6.96999979019165,2800,ICCC,ImmuCell Corporation - Common Stock
2016-07-14,6.760000228881836,6.900000095367432,6.760000228881836,6.829999923706055,2200,ICCC,ImmuCell Corporation - Common Stock
2016-07-15,6.849999904632568,6.849999904632568,6.760000228881836,6.760000228881836,800,ICCC,ImmuCell Corporation - Common Stock
2016-07-18,6.889999866485596,7.0,6.860000133514404,6.960000038146973,2200,ICCC,ImmuCell Corporation - Common Stock
2016-07-19,6.940000057220459,6.960000038146973,6.920000076293945,6.920000076293945,1800,ICCC,ImmuCell Corporation - Common Stock
2016-07-20,6.96999979019165,6.96999979019165,6.96999979019165,6.96999979019165,200,ICCC,ImmuCell Corporation - Common Stock
2016-07-21,6.71999979019165,6.880000114440918,6.650000095367432,6.869999885559082,6000,ICCC,ImmuCell Corporation - Common Stock
2016-07-22,6.800000190734863,6.800000190734863,6.75,6.75,1000,ICCC,ImmuCell Corporation - Common Stock
2016-07-25,6.880000114440918,6.880000114440918,6.760000228881836,6.760000228881836,1600,ICCC,ImmuCell Corporation - Common Stock
2016-07-26,6.78000020980835,7.019999980926514,6.78000020980835,6.929999828338623,3300,ICCC,ImmuCell Corporation - Common Stock
2016-07-27,7.039999961853027,7.059999942779541,6.900000095367432,6.900000095367432,700,ICCC,ImmuCell Corporation - Common Stock
2016-07-28,6.860000133514404,6.989999771118164,6.860000133514404,6.960000038146973,2100,ICCC,ImmuCell Corporation - Common Stock
2016-07-29,7.019999980926514,7.059999942779541,7.019999980926514,7.059999942779541,600,ICCC,ImmuCell Corporation - Common Stock
2016-08-01,6.940000057220459,7.0,6.900000095367432,7.0,4600,ICCC,ImmuCell Corporation - Common Stock
2016-08-02,7.059999942779541,7.059999942779541,6.989999771118164,7.03000020980835,5100,ICCC,ImmuCell Corporation - Common Stock
2016-08-03,7.199999809265137,7.25,6.960000038146973,6.960000038146973,5400,ICCC,ImmuCell Corporation - Common Stock
2016-08-04,7.269999980926514,7.320000171661377,7.210000038146973,7.210000038146973,11500,ICCC,ImmuCell Corporation - Common Stock
2016-08-05,7.650000095367432,7.739999771118164,7.320000171661377,7.320000171661377,21700,ICCC,ImmuCell Corporation - Common Stock
2016-08-08,7.829999923706055,7.989999771118164,7.75,7.75,7800,ICCC,ImmuCell Corporation - Common Stock
2016-08-09,7.989999771118164,8.0,7.739999771118164,7.940000057220459,12500,ICCC,ImmuCell Corporation - Common Stock
2016-08-10,7.949999809265137,8.0,7.949999809265137,7.989999771118164,5400,ICCC,ImmuCell Corporation - Common Stock
2016-08-11,8.0,8.140000343322754,7.960000038146973,8.0,3600,ICCC,ImmuCell Corporation - Common Stock
2016-08-12,7.539999961853027,7.599999904632568,7.099999904632568,7.46999979019165,12700,ICCC,ImmuCell Corporation - Common Stock
2016-08-15,7.400000095367432,7.630000114440918,7.300000190734863,7.460000038146973,25600,ICCC,ImmuCell Corporation - Common Stock
2016-08-16,7.329999923706055,7.369999885559082,7.239999771118164,7.320000171661377,6000,ICCC,ImmuCell Corporation - Common Stock
2016-08-17,7.309999942779541,7.460000038146973,7.300000190734863,7.460000038146973,3600,ICCC,ImmuCell Corporation - Common Stock
2016-08-18,7.25,7.300000190734863,7.150000095367432,7.300000190734863,3700,ICCC,ImmuCell Corporation - Common Stock
2016-08-19,7.210000038146973,7.230000019073486,7.210000038146973,7.230000019073486,300,ICCC,ImmuCell Corporation - Common Stock
2016-08-22,7.199999809265137,7.300000190734863,7.099999904632568,7.170000076293945,5500,ICCC,ImmuCell Corporation - Common Stock
2016-08-23,7.25,7.309999942779541,7.25,7.309999942779541,5100,ICCC,ImmuCell Corporation - Common Stock
2016-08-24,7.199999809265137,7.300000190734863,7.199999809265137,7.269999980926514,4900,ICCC,ImmuCell Corporation - Common Stock
2016-08-25,7.289999961853027,7.320000171661377,7.199999809265137,7.320000171661377,5800,ICCC,ImmuCell Corporation - Common Stock
2016-08-26,7.269999980926514,7.269999980926514,7.269999980926514,7.269999980926514,500,ICCC,ImmuCell Corporation - Common Stock
2016-08-29,7.179999828338623,7.309999942779541,7.170000076293945,7.289999961853027,10100,ICCC,ImmuCell Corporation - Common Stock
2016-08-30,7.150000095367432,7.269999980926514,7.150000095367432,7.230000019073486,6800,ICCC,ImmuCell Corporation - Common Stock
2016-08-31,7.090000152587891,7.190000057220459,7.090000152587891,7.159999847412109,14300,ICCC,ImmuCell Corporation - Common Stock
2016-09-01,7.28000020980835,7.28000020980835,7.150000095367432,7.159999847412109,11100,ICCC,ImmuCell Corporation - Common Stock
2016-09-02,7.260000228881836,7.260000228881836,7.199999809265137,7.239999771118164,6400,ICCC,ImmuCell Corporation - Common Stock
2016-09-06,7.070000171661377,7.239999771118164,7.070000171661377,7.199999809265137,14200,ICCC,ImmuCell Corporation - Common Stock
2016-09-07,7.119999885559082,7.320000171661377,7.099999904632568,7.230000019073486,5100,ICCC,ImmuCell Corporation - Common Stock
2016-09-08,7.309999942779541,7.309999942779541,7.110000133514404,7.159999847412109,5000,ICCC,ImmuCell Corporation - Common Stock
2016-09-09,7.289999961853027,7.360000133514404,7.25,7.28000020980835,5900,ICCC,ImmuCell Corporation - Common Stock
2016-09-12,7.179999828338623,7.28000020980835,7.130000114440918,7.21999979019165,2200,ICCC,ImmuCell Corporation - Common Stock
2016-09-13,7.25,7.400000095367432,7.190000057220459,7.190000057220459,1500,ICCC,ImmuCell Corporation - Common Stock
2016-09-14,7.300000190734863,7.440000057220459,7.119999885559082,7.119999885559082,2400,ICCC,ImmuCell Corporation - Common Stock
2016-09-15,7.300000190734863,7.460000038146973,7.230000019073486,7.380000114440918,2600,ICCC,ImmuCell Corporation - Common Stock
2016-09-16,7.5,7.5,7.260000228881836,7.289999961853027,10900,ICCC,ImmuCell Corporation - Common Stock
2016-09-19,7.829999923706055,7.900000095367432,7.449999809265137,7.480000019073486,17200,ICCC,ImmuCell Corporation - Common Stock
2016-09-20,7.900000095367432,8.100000381469727,7.599999904632568,7.929999828338623,32600,ICCC,ImmuCell Corporation - Common Stock
2016-09-21,8.119999885559082,8.119999885559082,7.78000020980835,7.900000095367432,3800,ICCC,ImmuCell Corporation - Common Stock
2016-09-22,8.149999618530273,8.15999984741211,7.849999904632568,7.989999771118164,4800,ICCC,ImmuCell Corporation - Common Stock
2016-09-23,8.119999885559082,8.220000267028809,7.480000019073486,8.119999885559082,21500,ICCC,ImmuCell Corporation - Common Stock
2016-09-26,8.210000038146973,8.220000267028809,7.989999771118164,8.1899995803833,3800,ICCC,ImmuCell Corporation - Common Stock
2016-09-27,8.109999656677246,8.239999771118164,8.109999656677246,8.130000114440918,5600,ICCC,ImmuCell Corporation - Common Stock
2016-09-28,7.980000019073486,8.210000038146973,7.949999809265137,8.069999694824219,5800,ICCC,ImmuCell Corporation - Common Stock
2016-09-29,7.929999828338623,8.069999694824219,7.929999828338623,8.069999694824219,1600,ICCC,ImmuCell Corporation - Common Stock
2016-09-30,7.730000019073486,7.96999979019165,7.730000019073486,7.929999828338623,2900,ICCC,ImmuCell Corporation - Common Stock
2016-10-03,7.659999847412109,7.989999771118164,7.659999847412109,7.739999771118164,2500,ICCC,ImmuCell Corporation - Common Stock
2016-10-04,7.739999771118164,7.739999771118164,7.519999980926514,7.670000076293945,3500,ICCC,ImmuCell Corporation - Common Stock
2016-10-05,7.650000095367432,7.739999771118164,7.650000095367432,7.739999771118164,500,ICCC,ImmuCell Corporation - Common Stock
2016-10-06,7.519999980926514,7.75,7.519999980926514,7.650000095367432,7500,ICCC,ImmuCell Corporation - Common Stock
2016-10-07,7.519999980926514,7.730000019073486,7.519999980926514,7.679999828338623,2000,ICCC,ImmuCell Corporation - Common Stock
2016-10-10,7.550000190734863,7.760000228881836,7.53000020980835,7.53000020980835,2100,ICCC,ImmuCell Corporation - Common Stock
2016-10-11,7.800000190734863,7.800000190734863,7.760000228881836,7.789999961853027,8600,ICCC,ImmuCell Corporation - Common Stock
2016-10-12,7.909999847412109,7.909999847412109,7.78000020980835,7.789999961853027,2800,ICCC,ImmuCell Corporation - Common Stock
2016-10-13,7.960000038146973,7.960000038146973,7.960000038146973,7.960000038146973,600,ICCC,ImmuCell Corporation - Common Stock
2016-10-14,7.78000020980835,7.78000020980835,7.78000020980835,7.78000020980835,200,ICCC,ImmuCell Corporation - Common Stock
2016-10-17,7.78000020980835,7.78000020980835,7.78000020980835,7.78000020980835,1600,ICCC,ImmuCell Corporation - Common Stock
2016-10-18,6.650000095367432,7.010000228881836,5.760000228881836,7.0,107900,ICCC,ImmuCell Corporation - Common Stock
2016-10-19,6.25,6.730000019073486,6.059999942779541,6.730000019073486,41300,ICCC,ImmuCell Corporation - Common Stock
2016-10-20,6.130000114440918,6.329999923706055,5.909999847412109,6.199999809265137,21900,ICCC,ImmuCell Corporation - Common Stock
2016-10-21,6.0,6.230000019073486,5.900000095367432,6.230000019073486,17000,ICCC,ImmuCell Corporation - Common Stock
2016-10-24,5.840000152587891,6.0,5.809999942779541,5.809999942779541,39400,ICCC,ImmuCell Corporation - Common Stock
2016-10-25,5.739999771118164,5.96999979019165,5.5,5.96999979019165,41400,ICCC,ImmuCell Corporation - Common Stock
2016-10-26,5.849999904632568,6.090000152587891,5.820000171661377,5.829999923706055,10900,ICCC,ImmuCell Corporation - Common Stock
2016-10-27,5.630000114440918,6.019999980926514,5.599999904632568,6.019999980926514,24800,ICCC,ImmuCell Corporation - Common Stock
2016-10-28,5.630000114440918,5.860000133514404,5.599999904632568,5.800000190734863,11500,ICCC,ImmuCell Corporation - Common Stock
2016-10-31,5.590000152587891,5.650000095367432,5.590000152587891,5.630000114440918,8000,ICCC,ImmuCell Corporation - Common Stock
2016-11-01,5.550000190734863,5.599999904632568,5.289999961853027,5.550000190734863,28700,ICCC,ImmuCell Corporation - Common Stock
2016-11-02,5.159999847412109,5.659999847412109,5.159999847412109,5.599999904632568,40100,ICCC,ImmuCell Corporation - Common Stock
2016-11-03,5.039999961853027,5.25,5.010000228881836,5.25,28500,ICCC,ImmuCell Corporation - Common Stock
2016-11-04,5.139999866485596,5.800000190734863,5.099999904632568,5.099999904632568,35600,ICCC,ImmuCell Corporation - Common Stock
2016-11-07,5.070000171661377,5.199999809265137,4.989999771118164,5.159999847412109,35500,ICCC,ImmuCell Corporation - Common Stock
2016-11-08,5.110000133514404,5.28000020980835,5.050000190734863,5.130000114440918,34900,ICCC,ImmuCell Corporation - Common Stock
2016-11-09,5.309999942779541,5.489999771118164,5.050000190734863,5.119999885559082,16700,ICCC,ImmuCell Corporation - Common Stock
2016-11-10,5.199999809265137,5.820000171661377,5.099999904632568,5.110000133514404,32000,ICCC,ImmuCell Corporation - Common Stock
2016-11-11,5.159999847412109,5.389999866485596,5.019999980926514,5.099999904632568,31700,ICCC,ImmuCell Corporation - Common Stock
2016-11-14,5.059999942779541,5.489999771118164,5.0,5.210000038146973,23900,ICCC,ImmuCell Corporation - Common Stock
2016-11-15,5.079999923706055,5.239999771118164,5.079999923706055,5.110000133514404,6700,ICCC,ImmuCell Corporation - Common Stock
2016-11-16,4.900000095367432,5.110000133514404,4.760000228881836,5.110000133514404,38200,ICCC,ImmuCell Corporation - Common Stock
2016-11-17,5.059999942779541,5.090000152587891,4.980000019073486,5.090000152587891,1200,ICCC,ImmuCell Corporation - Common Stock
2016-11-18,5.199999809265137,5.320000171661377,5.010000228881836,5.010000228881836,4200,ICCC,ImmuCell Corporation - Common Stock
2016-11-21,5.449999809265137,5.679999828338623,5.230000019073486,5.230000019073486,11300,ICCC,ImmuCell Corporation - Common Stock
2016-11-22,5.449999809265137,5.769999980926514,5.429999828338623,5.650000095367432,16300,ICCC,ImmuCell Corporation - Common Stock
2016-11-23,5.659999847412109,5.659999847412109,5.449999809265137,5.449999809265137,13400,ICCC,ImmuCell Corporation - Common Stock
2016-11-25,5.349999904632568,5.659999847412109,5.349999904632568,5.659999847412109,5100,ICCC,ImmuCell Corporation - Common Stock
2016-11-28,5.650000095367432,5.679999828338623,5.449999809265137,5.449999809265137,7400,ICCC,ImmuCell Corporation - Common Stock
2016-11-29,5.5,5.679999828338623,5.28000020980835,5.570000171661377,27700,ICCC,ImmuCell Corporation - Common Stock
2016-11-30,5.360000133514404,5.699999809265137,5.340000152587891,5.380000114440918,10100,ICCC,ImmuCell Corporation - Common Stock
2016-12-01,6.21999979019165,6.489999771118164,5.340000152587891,5.480000019073486,53100,ICCC,ImmuCell Corporation - Common Stock
2016-12-02,6.300000190734863,6.489999771118164,5.75,6.059999942779541,20200,ICCC,ImmuCell Corporation - Common Stock
2016-12-05,6.300000190734863,6.460000038146973,5.829999923706055,6.300000190734863,11200,ICCC,ImmuCell Corporation - Common Stock
2016-12-06,6.150000095367432,6.300000190734863,6.150000095367432,6.300000190734863,6900,ICCC,ImmuCell Corporation - Common Stock
2016-12-07,6.010000228881836,6.300000190734863,6.010000228881836,6.260000228881836,13700,ICCC,ImmuCell Corporation - Common Stock
2016-12-08,6.059999942779541,6.300000190734863,6.050000190734863,6.079999923706055,6200,ICCC,ImmuCell Corporation - Common Stock
2016-12-09,6.269999980926514,6.300000190734863,6.099999904632568,6.119999885559082,2200,ICCC,ImmuCell Corporation - Common Stock
2016-12-12,6.269999980926514,6.289999961853027,6.019999980926514,6.28000020980835,4700,ICCC,ImmuCell Corporation - Common Stock
2016-12-13,6.260000228881836,6.269999980926514,6.159999847412109,6.260000228881836,2000,ICCC,ImmuCell Corporation - Common Stock
2016-12-14,6.269999980926514,6.289999961853027,6.090000152587891,6.289999961853027,1600,ICCC,ImmuCell Corporation - Common Stock
2016-12-15,6.25,6.300000190734863,5.800000190734863,6.25,27600,ICCC,ImmuCell Corporation - Common Stock
2016-12-16,5.949999809265137,6.25,5.949999809265137,6.139999866485596,21700,ICCC,ImmuCell Corporation - Common Stock
2016-12-19,6.139999866485596,6.25,6.0,6.0,2000,ICCC,ImmuCell Corporation - Common Stock
2016-12-20,6.110000133514404,6.119999885559082,5.96999979019165,6.039999961853027,3000,ICCC,ImmuCell Corporation - Common Stock
2016-12-21,6.110000133514404,6.110000133514404,5.960000038146973,5.960000038146973,300,ICCC,ImmuCell Corporation - Common Stock
2016-12-22,6.0,6.0,5.900000095367432,5.989999771118164,4000,ICCC,ImmuCell Corporation - Common Stock
2016-12-23,6.110000133514404,6.110000133514404,6.090000152587891,6.110000133514404,1000,ICCC,ImmuCell Corporation - Common Stock
2016-12-27,6.179999828338623,6.25,5.960000038146973,5.960000038146973,5300,ICCC,ImmuCell Corporation - Common Stock
2016-12-28,6.050000190734863,6.190000057220459,6.019999980926514,6.110000133514404,2500,ICCC,ImmuCell Corporation - Common Stock
2016-12-29,5.989999771118164,6.130000114440918,5.869999885559082,6.130000114440918,1200,ICCC,ImmuCell Corporation - Common Stock
2016-12-30,5.949999809265137,6.0,5.880000114440918,5.989999771118164,2200,ICCC,ImmuCell Corporation - Common Stock
2017-01-03,5.949999809265137,5.949999809265137,5.900000095367432,5.900000095367432,4700,ICCC,ImmuCell Corporation - Common Stock
2017-01-04,5.920000076293945,5.989999771118164,5.869999885559082,5.989999771118164,600,ICCC,ImmuCell Corporation - Common Stock
2017-01-05,5.900000095367432,5.900000095367432,5.809999942779541,5.809999942779541,2600,ICCC,ImmuCell Corporation - Common Stock
2017-01-06,6.0,6.0,5.849999904632568,5.849999904632568,10700,ICCC,ImmuCell Corporation - Common Stock
2017-01-09,6.099999904632568,6.139999866485596,5.909999847412109,5.909999847412109,3300,ICCC,ImmuCell Corporation - Common Stock
2017-01-10,6.090000152587891,6.099999904632568,6.0,6.0,1600,ICCC,ImmuCell Corporation - Common Stock
2017-01-11,6.010000228881836,6.139999866485596,5.889999866485596,6.099999904632568,6400,ICCC,ImmuCell Corporation - Common Stock
2017-01-12,6.099999904632568,6.099999904632568,5.96999979019165,5.96999979019165,2000,ICCC,ImmuCell Corporation - Common Stock
2017-01-13,6.050000190734863,6.099999904632568,5.980000019073486,6.010000228881836,3000,ICCC,ImmuCell Corporation - Common Stock
2017-01-17,6.0,6.0,5.940000057220459,5.980000019073486,4200,ICCC,ImmuCell Corporation - Common Stock
2017-01-18,6.050000190734863,6.079999923706055,6.0,6.0,29700,ICCC,ImmuCell Corporation - Common Stock
2017-01-19,5.809999942779541,6.0,5.809999942779541,6.0,3300,ICCC,ImmuCell Corporation - Common Stock
2017-01-20,6.050000190734863,6.050000190734863,5.889999866485596,5.900000095367432,1800,ICCC,ImmuCell Corporation - Common Stock
2017-01-23,5.820000171661377,6.0,5.820000171661377,5.909999847412109,4100,ICCC,ImmuCell Corporation - Common Stock
2017-01-24,5.840000152587891,6.0,5.829999923706055,6.0,1100,ICCC,ImmuCell Corporation - Common Stock
2017-01-25,5.980000019073486,5.980000019073486,5.860000133514404,5.860000133514404,2300,ICCC,ImmuCell Corporation - Common Stock
2017-01-26,5.940000057220459,6.0,5.800000190734863,5.829999923706055,2400,ICCC,ImmuCell Corporation - Common Stock
2017-01-27,5.900000095367432,6.0,5.900000095367432,5.909999847412109,4100,ICCC,ImmuCell Corporation - Common Stock
2017-01-30,5.920000076293945,5.940000057220459,5.820000171661377,5.940000057220459,500,ICCC,ImmuCell Corporation - Common Stock
2017-01-31,5.920000076293945,5.920000076293945,5.920000076293945,5.920000076293945,0,ICCC,ImmuCell Corporation - Common Stock
2017-02-01,5.889999866485596,5.889999866485596,5.800000190734863,5.849999904632568,600,ICCC,ImmuCell Corporation - Common Stock
2017-02-02,5.730000019073486,5.789999961853027,5.730000019073486,5.789999961853027,2600,ICCC,ImmuCell Corporation - Common Stock
2017-02-03,5.71999979019165,5.889999866485596,5.699999809265137,5.699999809265137,3800,ICCC,ImmuCell Corporation - Common Stock
2017-02-06,5.849999904632568,5.860000133514404,5.5,5.699999809265137,2000,ICCC,ImmuCell Corporation - Common Stock
2017-02-07,5.829999923706055,5.840000152587891,5.599999904632568,5.599999904632568,800,ICCC,ImmuCell Corporation - Common Stock
2017-02-08,5.829999923706055,5.829999923706055,5.829999923706055,5.829999923706055,0,ICCC,ImmuCell Corporation - Common Stock
2017-02-09,5.840000152587891,5.840000152587891,5.610000133514404,5.610000133514404,2900,ICCC,ImmuCell Corporation - Common Stock
2017-02-10,5.840000152587891,5.840000152587891,5.579999923706055,5.699999809265137,5000,ICCC,ImmuCell Corporation - Common Stock
2017-02-13,5.829999923706055,5.829999923706055,5.650000095367432,5.690000057220459,6300,ICCC,ImmuCell Corporation - Common Stock
2017-02-14,5.760000228881836,5.829999923706055,5.690000057220459,5.820000171661377,2300,ICCC,ImmuCell Corporation - Common Stock
2017-02-15,5.71999979019165,5.829999923706055,5.699999809265137,5.699999809265137,3500,ICCC,ImmuCell Corporation - Common Stock
2017-02-16,5.71999979019165,5.829999923706055,5.579999923706055,5.75,5500,ICCC,ImmuCell Corporation - Common Stock
2017-02-17,5.519999980926514,5.829999923706055,5.519999980926514,5.599999904632568,3400,ICCC,ImmuCell Corporation - Common Stock
2017-02-21,5.619999885559082,5.829999923706055,5.519999980926514,5.550000190734863,3600,ICCC,ImmuCell Corporation - Common Stock
2017-02-22,5.599999904632568,5.829999923706055,5.599999904632568,5.829999923706055,3300,ICCC,ImmuCell Corporation - Common Stock
2017-02-23,5.820000171661377,5.820000171661377,5.460000038146973,5.559999942779541,8500,ICCC,ImmuCell Corporation - Common Stock
2017-02-24,5.71999979019165,5.809999942779541,5.400000095367432,5.659999847412109,8700,ICCC,ImmuCell Corporation - Common Stock
2017-02-27,5.789999961853027,5.829999923706055,5.510000228881836,5.510000228881836,3600,ICCC,ImmuCell Corporation - Common Stock
2017-02-28,5.610000133514404,5.829999923706055,5.5,5.599999904632568,3600,ICCC,ImmuCell Corporation - Common Stock
2017-03-01,5.699999809265137,5.800000190734863,5.570000171661377,5.769999980926514,4100,ICCC,ImmuCell Corporation - Common Stock
2017-03-02,5.800000190734863,5.800000190734863,5.599999904632568,5.659999847412109,2200,ICCC,ImmuCell Corporation - Common Stock
2017-03-03,5.800000190734863,5.800000190734863,5.690000057220459,5.739999771118164,3900,ICCC,ImmuCell Corporation - Common Stock
2017-03-06,5.78000020980835,5.840000152587891,5.610000133514404,5.840000152587891,5100,ICCC,ImmuCell Corporation - Common Stock
2017-03-07,5.46999979019165,5.800000190734863,5.320000171661377,5.769999980926514,14300,ICCC,ImmuCell Corporation - Common Stock
2017-03-08,5.289999961853027,5.46999979019165,5.0,5.400000095367432,14000,ICCC,ImmuCell Corporation - Common Stock
2017-03-09,5.349999904632568,5.349999904632568,5.28000020980835,5.300000190734863,4100,ICCC,ImmuCell Corporation - Common Stock
2017-03-10,5.320000171661377,5.46999979019165,5.179999828338623,5.380000114440918,6900,ICCC,ImmuCell Corporation - Common Stock
2017-03-13,5.449999809265137,5.460000038146973,5.309999942779541,5.320000171661377,5400,ICCC,ImmuCell Corporation - Common Stock
2017-03-14,5.420000076293945,5.46999979019165,5.409999847412109,5.409999847412109,3500,ICCC,ImmuCell Corporation - Common Stock
2017-03-15,5.510000228881836,5.510000228881836,5.5,5.5,1300,ICCC,ImmuCell Corporation - Common Stock
2017-03-16,5.670000076293945,5.730000019073486,5.659999847412109,5.730000019073486,1800,ICCC,ImmuCell Corporation - Common Stock
2017-03-17,5.599999904632568,5.789999961853027,5.53000020980835,5.610000133514404,2600,ICCC,ImmuCell Corporation - Common Stock
2017-03-20,5.519999980926514,5.739999771118164,5.519999980926514,5.610000133514404,1400,ICCC,ImmuCell Corporation - Common Stock
2017-03-21,5.619999885559082,5.739999771118164,5.619999885559082,5.670000076293945,3000,ICCC,ImmuCell Corporation - Common Stock
2017-03-22,5.670000076293945,5.670000076293945,5.659999847412109,5.659999847412109,800,ICCC,ImmuCell Corporation - Common Stock
2017-03-23,5.53000020980835,5.539999961853027,5.5,5.510000228881836,2400,ICCC,ImmuCell Corporation - Common Stock
2017-03-24,5.659999847412109,5.659999847412109,5.659999847412109,5.659999847412109,400,ICCC,ImmuCell Corporation - Common Stock
2017-03-27,5.670000076293945,5.690000057220459,5.610000133514404,5.690000057220459,3200,ICCC,ImmuCell Corporation - Common Stock
2017-03-28,5.53000020980835,5.670000076293945,5.53000020980835,5.670000076293945,7400,ICCC,ImmuCell Corporation - Common Stock
2017-03-29,5.53000020980835,5.550000190734863,5.28000020980835,5.550000190734863,10300,ICCC,ImmuCell Corporation - Common Stock
2017-03-30,5.429999828338623,5.619999885559082,5.349999904632568,5.349999904632568,13900,ICCC,ImmuCell Corporation - Common Stock
2017-03-31,5.53000020980835,5.53000020980835,5.53000020980835,5.53000020980835,400,ICCC,ImmuCell Corporation - Common Stock
2017-04-03,5.449999809265137,5.449999809265137,5.449999809265137,5.449999809265137,600,ICCC,ImmuCell Corporation - Common Stock
2017-04-04,5.389999866485596,5.489999771118164,5.309999942779541,5.400000095367432,11900,ICCC,ImmuCell Corporation - Common Stock
2017-04-05,5.300000190734863,5.599999904632568,5.289999961853027,5.5,12600,ICCC,ImmuCell Corporation - Common Stock
2017-04-06,5.329999923706055,5.449999809265137,5.300000190734863,5.309999942779541,3000,ICCC,ImmuCell Corporation - Common Stock
2017-04-07,5.429999828338623,5.429999828338623,5.360000133514404,5.360000133514404,800,ICCC,ImmuCell Corporation - Common Stock
2017-04-10,5.320000171661377,5.320000171661377,5.239999771118164,5.239999771118164,3100,ICCC,ImmuCell Corporation - Common Stock
2017-04-11,5.260000228881836,5.309999942779541,5.260000228881836,5.309999942779541,400,ICCC,ImmuCell Corporation - Common Stock
2017-04-12,5.349999904632568,5.349999904632568,5.260000228881836,5.340000152587891,1300,ICCC,ImmuCell Corporation - Common Stock
2017-04-13,5.349999904632568,5.349999904632568,5.309999942779541,5.309999942779541,700,ICCC,ImmuCell Corporation - Common Stock
2017-04-17,5.400000095367432,5.400000095367432,5.380000114440918,5.380000114440918,300,ICCC,ImmuCell Corporation - Common Stock
2017-04-18,5.309999942779541,5.309999942779541,5.309999942779541,5.309999942779541,200,ICCC,ImmuCell Corporation - Common Stock
2017-04-19,5.309999942779541,5.309999942779541,5.309999942779541,5.309999942779541,0,ICCC,ImmuCell Corporation - Common Stock
2017-04-20,5.449999809265137,5.460000038146973,5.320000171661377,5.320000171661377,2500,ICCC,ImmuCell Corporation - Common Stock
2017-04-21,5.489999771118164,5.489999771118164,5.489999771118164,5.489999771118164,300,ICCC,ImmuCell Corporation - Common Stock
2017-04-24,5.349999904632568,5.489999771118164,5.309999942779541,5.360000133514404,15000,ICCC,ImmuCell Corporation - Common Stock
2017-04-25,5.409999847412109,5.429999828338623,5.340000152587891,5.360000133514404,2800,ICCC,ImmuCell Corporation - Common Stock
2017-04-26,5.53000020980835,5.53000020980835,5.320000171661377,5.449999809265137,8100,ICCC,ImmuCell Corporation - Common Stock
2017-04-27,5.550000190734863,5.670000076293945,5.380000114440918,5.510000228881836,16300,ICCC,ImmuCell Corporation - Common Stock
2017-04-28,5.440000057220459,5.440000057220459,5.320000171661377,5.320000171661377,7400,ICCC,ImmuCell Corporation - Common Stock
2017-05-01,5.380000114440918,5.480000019073486,5.320000171661377,5.369999885559082,6500,ICCC,ImmuCell Corporation - Common Stock
2017-05-02,5.5,5.650000095367432,5.460000038146973,5.46999979019165,10900,ICCC,ImmuCell Corporation - Common Stock
2017-05-03,5.449999809265137,5.550000190734863,5.400000095367432,5.53000020980835,800,ICCC,ImmuCell Corporation - Common Stock
2017-05-04,5.590000152587891,5.679999828338623,5.53000020980835,5.53000020980835,5200,ICCC,ImmuCell Corporation - Common Stock
2017-05-05,5.449999809265137,5.639999866485596,5.380000114440918,5.639999866485596,12800,ICCC,ImmuCell Corporation - Common Stock
2017-05-08,5.480000019073486,5.650000095367432,5.389999866485596,5.539999961853027,7700,ICCC,ImmuCell Corporation - Common Stock
2017-05-09,5.53000020980835,5.690000057220459,5.409999847412109,5.409999847412109,10300,ICCC,ImmuCell Corporation - Common Stock
2017-05-10,5.449999809265137,5.5,5.449999809265137,5.480000019073486,4200,ICCC,ImmuCell Corporation - Common Stock
2017-05-11,5.489999771118164,5.489999771118164,5.429999828338623,5.429999828338623,1300,ICCC,ImmuCell Corporation - Common Stock
2017-05-12,6.119999885559082,6.239999771118164,5.550000190734863,5.75,42100,ICCC,ImmuCell Corporation - Common Stock
2017-05-15,6.440000057220459,6.5,6.300000190734863,6.300000190734863,17500,ICCC,ImmuCell Corporation - Common Stock
2017-05-16,6.019999980926514,6.5,6.010000228881836,6.289999961853027,14900,ICCC,ImmuCell Corporation - Common Stock
2017-05-17,5.630000114440918,6.369999885559082,5.630000114440918,6.369999885559082,3000,ICCC,ImmuCell Corporation - Common Stock
2017-05-18,6.090000152587891,6.159999847412109,5.880000114440918,6.150000095367432,1700,ICCC,ImmuCell Corporation - Common Stock
2017-05-19,6.010000228881836,6.199999809265137,5.889999866485596,6.199999809265137,4200,ICCC,ImmuCell Corporation - Common Stock
2017-05-22,6.019999980926514,6.190000057220459,5.789999961853027,6.010000228881836,8100,ICCC,ImmuCell Corporation - Common Stock
2017-05-23,6.150000095367432,6.170000076293945,5.920000076293945,6.0,5700,ICCC,ImmuCell Corporation - Common Stock
2017-05-24,6.010000228881836,6.199999809265137,5.909999847412109,6.099999904632568,4600,ICCC,ImmuCell Corporation - Common Stock
2017-05-25,6.139999866485596,6.139999866485596,5.960000038146973,6.059999942779541,9000,ICCC,ImmuCell Corporation - Common Stock
2017-05-26,6.179999828338623,6.199999809265137,6.0,6.130000114440918,7000,ICCC,ImmuCell Corporation - Common Stock
2017-05-30,6.159999847412109,6.190000057220459,6.090000152587891,6.159999847412109,5300,ICCC,ImmuCell Corporation - Common Stock
2017-05-31,6.179999828338623,6.329999923706055,6.079999923706055,6.079999923706055,1700,ICCC,ImmuCell Corporation - Common Stock
2017-06-01,6.170000076293945,6.329999923706055,6.019999980926514,6.329999923706055,4300,ICCC,ImmuCell Corporation - Common Stock
2017-06-02,6.260000228881836,6.300000190734863,6.179999828338623,6.300000190734863,2100,ICCC,ImmuCell Corporation - Common Stock
2017-06-05,6.260000228881836,6.329999923706055,6.019999980926514,6.019999980926514,3200,ICCC,ImmuCell Corporation - Common Stock
2017-06-06,6.170000076293945,6.340000152587891,6.170000076293945,6.340000152587891,3200,ICCC,ImmuCell Corporation - Common Stock
2017-06-07,6.239999771118164,6.340000152587891,6.190000057220459,6.340000152587891,2800,ICCC,ImmuCell Corporation - Common Stock
2017-06-08,6.110000133514404,6.230000019073486,6.110000133514404,6.179999828338623,3200,ICCC,ImmuCell Corporation - Common Stock
2017-06-09,6.170000076293945,6.300000190734863,6.130000114440918,6.130000114440918,3800,ICCC,ImmuCell Corporation - Common Stock
2017-06-12,6.150000095367432,6.309999942779541,6.150000095367432,6.150000095367432,6800,ICCC,ImmuCell Corporation - Common Stock
2017-06-13,6.119999885559082,6.239999771118164,6.119999885559082,6.239999771118164,1000,ICCC,ImmuCell Corporation - Common Stock
2017-06-14,6.289999961853027,6.289999961853027,6.289999961853027,6.289999961853027,1000,ICCC,ImmuCell Corporation - Common Stock
2017-06-15,6.179999828338623,6.400000095367432,6.130000114440918,6.130000114440918,8800,ICCC,ImmuCell Corporation - Common Stock
2017-06-16,6.159999847412109,6.369999885559082,6.150000095367432,6.150000095367432,7500,ICCC,ImmuCell Corporation - Common Stock
2017-06-19,6.349999904632568,6.429999828338623,6.239999771118164,6.28000020980835,2600,ICCC,ImmuCell Corporation - Common Stock
2017-06-20,6.349999904632568,6.349999904632568,6.349999904632568,6.349999904632568,0,ICCC,ImmuCell Corporation - Common Stock
2017-06-21,6.380000114440918,6.389999866485596,6.269999980926514,6.269999980926514,3900,ICCC,ImmuCell Corporation - Common Stock
2017-06-22,6.5,6.5,6.489999771118164,6.489999771118164,900,ICCC,ImmuCell Corporation - Common Stock
2017-06-23,6.849999904632568,6.849999904632568,6.400000095367432,6.460000038146973,16700,ICCC,ImmuCell Corporation - Common Stock
2017-06-26,6.989999771118164,7.0,6.360000133514404,6.650000095367432,17300,ICCC,ImmuCell Corporation - Common Stock
2017-06-27,7.050000190734863,7.050000190734863,6.519999980926514,6.760000228881836,42500,ICCC,ImmuCell Corporation - Common Stock
2017-06-28,7.5,7.599999904632568,7.03000020980835,7.03000020980835,6200,ICCC,ImmuCell Corporation - Common Stock
2017-06-29,7.400000095367432,7.5,7.25,7.329999923706055,49500,ICCC,ImmuCell Corporation - Common Stock
2017-06-30,7.329999923706055,7.429999828338623,7.110000133514404,7.110000133514404,4200,ICCC,ImmuCell Corporation - Common Stock
2017-07-03,7.150000095367432,7.309999942779541,7.150000095367432,7.239999771118164,1700,ICCC,ImmuCell Corporation - Common Stock
2017-07-05,7.300000190734863,7.329999923706055,7.050000190734863,7.079999923706055,5200,ICCC,ImmuCell Corporation - Common Stock
2017-07-06,7.099999904632568,7.099999904632568,7.099999904632568,7.099999904632568,300,ICCC,ImmuCell Corporation - Common Stock
2017-07-07,7.019999980926514,7.099999904632568,6.940000057220459,7.099999904632568,5700,ICCC,ImmuCell Corporation - Common Stock
2017-07-10,7.050000190734863,7.230000019073486,6.920000076293945,7.130000114440918,3900,ICCC,ImmuCell Corporation - Common Stock
2017-07-11,7.099999904632568,7.099999904632568,6.809999942779541,6.900000095367432,4000,ICCC,ImmuCell Corporation - Common Stock
2017-07-12,6.96999979019165,6.989999771118164,6.909999847412109,6.989999771118164,2000,ICCC,ImmuCell Corporation - Common Stock
2017-07-13,6.829999923706055,7.070000171661377,6.710000038146973,7.0,7200,ICCC,ImmuCell Corporation - Common Stock
2017-07-14,6.559999942779541,6.900000095367432,6.550000190734863,6.75,15400,ICCC,ImmuCell Corporation - Common Stock
2017-07-17,6.610000133514404,6.769999980926514,6.539999961853027,6.559999942779541,8700,ICCC,ImmuCell Corporation - Common Stock
2017-07-18,6.539999961853027,6.829999923706055,6.539999961853027,6.829999923706055,600,ICCC,ImmuCell Corporation - Common Stock
2017-07-19,6.71999979019165,6.75,6.559999942779541,6.559999942779541,1700,ICCC,ImmuCell Corporation - Common Stock
2017-07-20,6.570000171661377,6.71999979019165,6.559999942779541,6.650000095367432,3400,ICCC,ImmuCell Corporation - Common Stock
2017-07-21,6.559999942779541,6.599999904632568,6.559999942779541,6.559999942779541,1600,ICCC,ImmuCell Corporation - Common Stock
2017-07-24,6.670000076293945,6.690000057220459,6.610000133514404,6.610000133514404,3600,ICCC,ImmuCell Corporation - Common Stock
2017-07-25,6.71999979019165,7.480000019073486,6.550000190734863,6.670000076293945,18900,ICCC,ImmuCell Corporation - Common Stock
2017-07-26,6.800000190734863,6.849999904632568,6.619999885559082,6.699999809265137,2700,ICCC,ImmuCell Corporation - Common Stock
2017-07-27,6.75,6.789999961853027,6.559999942779541,6.610000133514404,2700,ICCC,ImmuCell Corporation - Common Stock
2017-07-28,6.619999885559082,7.010000228881836,6.099999904632568,6.570000171661377,11300,ICCC,ImmuCell Corporation - Common Stock
2017-07-31,6.849999904632568,6.849999904632568,6.710000038146973,6.75,5500,ICCC,ImmuCell Corporation - Common Stock
2017-08-01,6.809999942779541,6.900000095367432,6.400000095367432,6.900000095367432,2700,ICCC,ImmuCell Corporation - Common Stock
2017-08-02,6.820000171661377,6.989999771118164,6.820000171661377,6.900000095367432,5300,ICCC,ImmuCell Corporation - Common Stock
2017-08-03,7.25,7.440000057220459,6.820000171661377,6.960000038146973,7200,ICCC,ImmuCell Corporation - Common Stock
2017-08-04,7.210000038146973,7.25,7.099999904632568,7.110000133514404,4200,ICCC,ImmuCell Corporation - Common Stock
2017-08-07,7.409999847412109,7.480000019073486,7.25,7.480000019073486,11800,ICCC,ImmuCell Corporation - Common Stock
2017-08-08,7.400000095367432,7.420000076293945,7.309999942779541,7.369999885559082,4600,ICCC,ImmuCell Corporation - Common Stock
2017-08-09,7.369999885559082,7.449999809265137,7.210000038146973,7.449999809265137,9600,ICCC,ImmuCell Corporation - Common Stock
2017-08-10,7.690000057220459,7.739999771118164,7.400000095367432,7.409999847412109,4000,ICCC,ImmuCell Corporation - Common Stock
2017-08-11,7.559999942779541,7.599999904632568,7.5,7.550000190734863,4300,ICCC,ImmuCell Corporation - Common Stock
2017-08-14,7.699999809265137,7.699999809265137,7.420000076293945,7.650000095367432,5400,ICCC,ImmuCell Corporation - Common Stock
2017-08-15,7.099999904632568,7.489999771118164,6.309999942779541,7.489999771118164,39000,ICCC,ImmuCell Corporation - Common Stock
2017-08-16,6.599999904632568,7.050000190734863,6.519999980926514,7.050000190734863,11900,ICCC,ImmuCell Corporation - Common Stock
2017-08-17,6.369999885559082,6.650000095367432,6.340000152587891,6.639999866485596,14300,ICCC,ImmuCell Corporation - Common Stock
2017-08-18,6.179999828338623,6.449999809265137,6.099999904632568,6.449999809265137,7800,ICCC,ImmuCell Corporation - Common Stock
2017-08-21,6.0,6.679999828338623,6.0,6.179999828338623,17300,ICCC,ImmuCell Corporation - Common Stock
2017-08-22,6.0,6.579999923706055,6.0,6.059999942779541,11600,ICCC,ImmuCell Corporation - Common Stock
2017-08-23,6.110000133514404,6.449999809265137,6.0,6.260000228881836,15700,ICCC,ImmuCell Corporation - Common Stock
2017-08-24,6.28000020980835,6.300000190734863,6.079999923706055,6.119999885559082,14200,ICCC,ImmuCell Corporation - Common Stock
2017-08-25,6.230000019073486,6.269999980926514,5.960000038146973,6.159999847412109,24000,ICCC,ImmuCell Corporation - Common Stock
2017-08-28,5.980000019073486,6.300000190734863,5.909999847412109,6.25,29400,ICCC,ImmuCell Corporation - Common Stock
2017-08-29,6.019999980926514,6.150000095367432,5.670000076293945,5.909999847412109,30000,ICCC,ImmuCell Corporation - Common Stock
2017-08-30,6.150000095367432,6.199999809265137,5.739999771118164,6.099999904632568,14900,ICCC,ImmuCell Corporation - Common Stock
2017-08-31,5.809999942779541,6.190000057220459,5.75,6.190000057220459,14000,ICCC,ImmuCell Corporation - Common Stock
2017-09-01,6.119999885559082,6.130000114440918,5.909999847412109,5.909999847412109,1500,ICCC,ImmuCell Corporation - Common Stock
2017-09-05,5.849999904632568,6.110000133514404,5.650000095367432,5.929999828338623,20700,ICCC,ImmuCell Corporation - Common Stock
2017-09-06,5.590000152587891,5.849999904632568,5.579999923706055,5.769999980926514,20900,ICCC,ImmuCell Corporation - Common Stock
2017-09-07,5.880000114440918,5.880000114440918,5.550000190734863,5.550000190734863,10700,ICCC,ImmuCell Corporation - Common Stock
2017-09-08,5.659999847412109,5.900000095367432,5.340000152587891,5.820000171661377,24000,ICCC,ImmuCell Corporation - Common Stock
2017-09-11,5.440000057220459,5.800000190734863,5.260000228881836,5.659999847412109,59100,ICCC,ImmuCell Corporation - Common Stock
2017-09-12,5.760000228881836,5.760000228881836,5.449999809265137,5.53000020980835,14900,ICCC,ImmuCell Corporation - Common Stock
2017-09-13,6.190000057220459,6.239999771118164,5.739999771118164,5.760000228881836,11900,ICCC,ImmuCell Corporation - Common Stock
2017-09-14,6.269999980926514,6.289999961853027,6.099999904632568,6.099999904632568,2100,ICCC,ImmuCell Corporation - Common Stock
2017-09-15,6.28000020980835,6.28000020980835,5.900000095367432,5.900000095367432,4900,ICCC,ImmuCell Corporation - Common Stock
2017-09-18,6.25,6.289999961853027,5.949999809265137,6.28000020980835,3700,ICCC,ImmuCell Corporation - Common Stock
2017-09-19,5.96999979019165,6.389999866485596,5.96999979019165,6.119999885559082,3300,ICCC,ImmuCell Corporation - Common Stock
2017-09-20,6.230000019073486,6.25,6.230000019073486,6.25,500,ICCC,ImmuCell Corporation - Common Stock
2017-09-21,6.239999771118164,6.25,5.980000019073486,5.980000019073486,900,ICCC,ImmuCell Corporation - Common Stock
2017-09-22,6.25,6.269999980926514,6.130000114440918,6.130000114440918,3200,ICCC,ImmuCell Corporation - Common Stock
2017-09-25,6.239999771118164,6.239999771118164,6.059999942779541,6.079999923706055,4300,ICCC,ImmuCell Corporation - Common Stock
2017-09-26,6.300000190734863,6.369999885559082,6.170000076293945,6.239999771118164,9400,ICCC,ImmuCell Corporation - Common Stock
2017-09-27,6.440000057220459,6.440000057220459,6.400000095367432,6.429999828338623,1200,ICCC,ImmuCell Corporation - Common Stock
2017-09-28,6.53000020980835,7.21999979019165,6.400000095367432,6.429999828338623,17100,ICCC,ImmuCell Corporation - Common Stock
2017-09-29,6.5,6.849999904632568,6.349999904632568,6.78000020980835,7900,ICCC,ImmuCell Corporation - Common Stock
2017-10-02,6.739999771118164,7.050000190734863,6.5,6.5,6000,ICCC,ImmuCell Corporation - Common Stock
2017-10-03,7.039999961853027,7.199999809265137,6.730000019073486,6.75,8000,ICCC,ImmuCell Corporation - Common Stock
2017-10-04,6.920000076293945,7.150000095367432,6.909999847412109,7.119999885559082,6200,ICCC,ImmuCell Corporation - Common Stock
2017-10-05,6.96999979019165,7.0,6.639999866485596,6.809999942779541,7100,ICCC,ImmuCell Corporation - Common Stock
2017-10-06,7.0,7.190000057220459,6.71999979019165,6.849999904632568,6400,ICCC,ImmuCell Corporation - Common Stock
2017-10-09,7.0,7.090000152587891,6.730000019073486,7.0,8600,ICCC,ImmuCell Corporation - Common Stock
2017-10-10,7.179999828338623,7.179999828338623,6.840000152587891,7.03000020980835,3100,ICCC,ImmuCell Corporation - Common Stock
2017-10-11,7.710000038146973,7.980000019073486,7.170000076293945,7.170000076293945,26800,ICCC,ImmuCell Corporation - Common Stock
2017-10-12,7.710000038146973,7.710000038146973,7.25,7.710000038146973,8400,ICCC,ImmuCell Corporation - Common Stock
2017-10-13,7.389999866485596,7.699999809265137,7.260000228881836,7.550000190734863,5600,ICCC,ImmuCell Corporation - Common Stock
2017-10-16,7.599999904632568,7.599999904632568,7.25,7.300000190734863,8700,ICCC,ImmuCell Corporation - Common Stock
2017-10-17,7.590000152587891,7.659999847412109,7.269999980926514,7.460000038146973,1600,ICCC,ImmuCell Corporation - Common Stock
2017-10-18,7.590000152587891,7.699999809265137,7.260000228881836,7.650000095367432,11100,ICCC,ImmuCell Corporation - Common Stock
2017-10-19,7.800000190734863,7.849999904632568,7.46999979019165,7.539999961853027,9500,ICCC,ImmuCell Corporation - Common Stock
2017-10-20,7.699999809265137,7.699999809265137,7.579999923706055,7.699999809265137,9000,ICCC,ImmuCell Corporation - Common Stock
2017-10-23,7.679999828338623,7.690000057220459,7.409999847412109,7.690000057220459,5100,ICCC,ImmuCell Corporation - Common Stock
2017-10-24,7.690000057220459,7.690000057220459,7.46999979019165,7.550000190734863,5700,ICCC,ImmuCell Corporation - Common Stock
2017-10-25,7.699999809265137,7.699999809265137,7.699999809265137,7.699999809265137,600,ICCC,ImmuCell Corporation - Common Stock
2017-10-26,7.670000076293945,7.699999809265137,7.650000095367432,7.699999809265137,4300,ICCC,ImmuCell Corporation - Common Stock
2017-10-27,7.849999904632568,7.900000095367432,7.710000038146973,7.710000038146973,3000,ICCC,ImmuCell Corporation - Common Stock
2017-10-30,7.619999885559082,7.96999979019165,7.619999885559082,7.730000019073486,11100,ICCC,ImmuCell Corporation - Common Stock
2017-10-31,7.900000095367432,7.980000019073486,7.599999904632568,7.75,6700,ICCC,ImmuCell Corporation - Common Stock
2017-11-01,7.980000019073486,7.980000019073486,7.849999904632568,7.849999904632568,6000,ICCC,ImmuCell Corporation - Common Stock
2017-11-02,8.350000381469727,8.489999771118164,7.849999904632568,7.960000038146973,31800,ICCC,ImmuCell Corporation - Common Stock
2017-11-03,8.649999618530273,8.75,7.909999847412109,8.210000038146973,37000,ICCC,ImmuCell Corporation - Common Stock
2017-11-06,8.460000038146973,8.579999923706055,8.210000038146973,8.5600004196167,12300,ICCC,ImmuCell Corporation - Common Stock
2017-11-07,8.800000190734863,8.819999694824219,8.449999809265137,8.449999809265137,22300,ICCC,ImmuCell Corporation - Common Stock
2017-11-08,8.489999771118164,8.829999923706055,8.449999809265137,8.800000190734863,4300,ICCC,ImmuCell Corporation - Common Stock
2017-11-09,8.569999694824219,8.680000305175781,8.100000381469727,8.380000114440918,12100,ICCC,ImmuCell Corporation - Common Stock
2017-11-10,8.15999984741211,8.399999618530273,8.029999732971191,8.399999618530273,10200,ICCC,ImmuCell Corporation - Common Stock
2017-11-13,8.399999618530273,8.5,8.149999618530273,8.149999618530273,28100,ICCC,ImmuCell Corporation - Common Stock
2017-11-14,8.989999771118164,9.239999771118164,8.25,8.359999656677246,41800,ICCC,ImmuCell Corporation - Common Stock
2017-11-15,8.890000343322754,9.170000076293945,8.720000267028809,9.15999984741211,14100,ICCC,ImmuCell Corporation - Common Stock
2017-11-16,8.890000343322754,8.989999771118164,8.720000267028809,8.760000228881836,6200,ICCC,ImmuCell Corporation - Common Stock
2017-11-17,8.5,8.829999923706055,8.470000267028809,8.829999923706055,10100,ICCC,ImmuCell Corporation - Common Stock
2017-11-20,8.680000305175781,8.680000305175781,8.420000076293945,8.5,8000,ICCC,ImmuCell Corporation - Common Stock
2017-11-21,9.170000076293945,9.220000267028809,8.729999542236328,8.800000190734863,22700,ICCC,ImmuCell Corporation - Common Stock
2017-11-22,9.229999542236328,9.25,9.010000228881836,9.239999771118164,22200,ICCC,ImmuCell Corporation - Common Stock
2017-11-24,9.229999542236328,9.25,8.739999771118164,8.75,20100,ICCC,ImmuCell Corporation - Common Stock
2017-11-27,8.989999771118164,9.25,8.960000038146973,9.25,10400,ICCC,ImmuCell Corporation - Common Stock
2017-11-28,8.989999771118164,9.0,8.9399995803833,9.0,2100,ICCC,ImmuCell Corporation - Common Stock
2017-11-29,8.899999618530273,9.0,8.710000038146973,9.0,6000,ICCC,ImmuCell Corporation - Common Stock
2017-11-30,8.989999771118164,9.0,8.699999809265137,8.850000381469727,3600,ICCC,ImmuCell Corporation - Common Stock
2017-12-01,9.0,9.0,8.510000228881836,8.949999809265137,10600,ICCC,ImmuCell Corporation - Common Stock
2017-12-04,8.899999618530273,9.0,8.779999732971191,9.0,4500,ICCC,ImmuCell Corporation - Common Stock
2017-12-05,8.899999618530273,8.949999809265137,8.710000038146973,8.859999656677246,5800,ICCC,ImmuCell Corporation - Common Stock
2017-12-06,8.899999618530273,8.949999809265137,8.739999771118164,8.899999618530273,4800,ICCC,ImmuCell Corporation - Common Stock
2017-12-07,8.880000114440918,8.949999809265137,8.699999809265137,8.899999618530273,6000,ICCC,ImmuCell Corporation - Common Stock
2017-12-08,8.899999618530273,8.949999809265137,8.75,8.930000305175781,2900,ICCC,ImmuCell Corporation - Common Stock
2017-12-11,8.9399995803833,8.9399995803833,8.789999961853027,8.829999923706055,2900,ICCC,ImmuCell Corporation - Common Stock
2017-12-12,8.9399995803833,8.9399995803833,8.8100004196167,8.9399995803833,2800,ICCC,ImmuCell Corporation - Common Stock
2017-12-13,8.949999809265137,8.949999809265137,8.880000114440918,8.899999618530273,1200,ICCC,ImmuCell Corporation - Common Stock
2017-12-14,8.9399995803833,8.949999809265137,8.800000190734863,8.949999809265137,8000,ICCC,ImmuCell Corporation - Common Stock
2017-12-15,8.75,8.949999809265137,8.75,8.920000076293945,8900,ICCC,ImmuCell Corporation - Common Stock
2017-12-18,8.789999961853027,8.9399995803833,8.789999961853027,8.84000015258789,2400,ICCC,ImmuCell Corporation - Common Stock
2017-12-19,7.480000019073486,7.860000133514404,7.300000190734863,7.699999809265137,127200,ICCC,ImmuCell Corporation - Common Stock
2017-12-20,7.239999771118164,7.550000190734863,7.139999866485596,7.550000190734863,27800,ICCC,ImmuCell Corporation - Common Stock
2017-12-21,7.050000190734863,7.110000133514404,6.980000019073486,7.110000133514404,16200,ICCC,ImmuCell Corporation - Common Stock
2017-12-22,7.489999771118164,7.5,6.980000019073486,7.179999828338623,32600,ICCC,ImmuCell Corporation - Common Stock
2017-12-26,7.320000171661377,7.409999847412109,6.849999904632568,7.409999847412109,29000,ICCC,ImmuCell Corporation - Common Stock
2017-12-27,7.610000133514404,7.75,7.070000171661377,7.239999771118164,27100,ICCC,ImmuCell Corporation - Common Stock
2017-12-28,8.239999771118164,8.699999809265137,7.699999809265137,7.699999809265137,29600,ICCC,ImmuCell Corporation - Common Stock
2017-12-29,8.789999961853027,8.800000190734863,7.769999980926514,7.789999961853027,28200,ICCC,ImmuCell Corporation - Common Stock
2018-01-02,8.270000457763672,8.789999961853027,8.069999694824219,8.789999961853027,20500,ICCC,ImmuCell Corporation - Common Stock
2018-01-03,7.630000114440918,8.34000015258789,7.630000114440918,8.34000015258789,13000,ICCC,ImmuCell Corporation - Common Stock
2018-01-04,7.980000019073486,8.260000228881836,7.659999847412109,7.679999828338623,46600,ICCC,ImmuCell Corporation - Common Stock
2018-01-05,7.860000133514404,8.100000381469727,7.519999980926514,7.960000038146973,43100,ICCC,ImmuCell Corporation - Common Stock
2018-01-08,7.800000190734863,7.880000114440918,7.710000038146973,7.880000114440918,4800,ICCC,ImmuCell Corporation - Common Stock
2018-01-09,7.570000171661377,7.789999961853027,7.559999942779541,7.789999961853027,3600,ICCC,ImmuCell Corporation - Common Stock
2018-01-10,7.400000095367432,7.650000095367432,7.369999885559082,7.650000095367432,6800,ICCC,ImmuCell Corporation - Common Stock
2018-01-11,7.710000038146973,7.739999771118164,7.349999904632568,7.480000019073486,3900,ICCC,ImmuCell Corporation - Common Stock
2018-01-12,7.710000038146973,7.789999961853027,7.679999828338623,7.679999828338623,1900,ICCC,ImmuCell Corporation - Common Stock
2018-01-16,7.519999980926514,7.71999979019165,7.519999980926514,7.699999809265137,10300,ICCC,ImmuCell Corporation - Common Stock
2018-01-17,7.360000133514404,7.630000114440918,7.360000133514404,7.5,11300,ICCC,ImmuCell Corporation - Common Stock
2018-01-18,7.460000038146973,7.599999904632568,7.400000095367432,7.409999847412109,9100,ICCC,ImmuCell Corporation - Common Stock
2018-01-19,7.659999847412109,7.949999809265137,7.579999923706055,7.630000114440918,4100,ICCC,ImmuCell Corporation - Common Stock
2018-01-22,7.510000228881836,7.579999923706055,7.510000228881836,7.550000190734863,3600,ICCC,ImmuCell Corporation - Common Stock
2018-01-23,7.570000171661377,7.739999771118164,7.519999980926514,7.739999771118164,1200,ICCC,ImmuCell Corporation - Common Stock
2018-01-24,7.449999809265137,7.599999904632568,7.409999847412109,7.599999904632568,12500,ICCC,ImmuCell Corporation - Common Stock
2018-01-25,7.449999809265137,7.550000190734863,7.449999809265137,7.5,4700,ICCC,ImmuCell Corporation - Common Stock
2018-01-26,7.409999847412109,7.53000020980835,7.409999847412109,7.5,6900,ICCC,ImmuCell Corporation - Common Stock
2018-01-29,7.400000095367432,7.440000057220459,7.400000095367432,7.440000057220459,700,ICCC,ImmuCell Corporation - Common Stock
2018-01-30,7.139999866485596,7.510000228881836,7.139999866485596,7.510000228881836,12900,ICCC,ImmuCell Corporation - Common Stock
2018-01-31,7.320000171661377,7.449999809265137,7.179999828338623,7.179999828338623,6800,ICCC,ImmuCell Corporation - Common Stock
2018-02-01,7.380000114440918,7.380000114440918,7.309999942779541,7.360000133514404,1200,ICCC,ImmuCell Corporation - Common Stock
2018-02-02,7.400000095367432,7.5,7.400000095367432,7.420000076293945,6500,ICCC,ImmuCell Corporation - Common Stock
2018-02-05,7.309999942779541,7.46999979019165,7.309999942779541,7.380000114440918,6000,ICCC,ImmuCell Corporation - Common Stock
2018-02-06,7.079999923706055,7.440000057220459,7.079999923706055,7.099999904632568,6500,ICCC,ImmuCell Corporation - Common Stock
2018-02-07,7.050000190734863,7.150000095367432,7.050000190734863,7.150000095367432,1100,ICCC,ImmuCell Corporation - Common Stock
2018-02-08,7.059999942779541,7.199999809265137,7.059999942779541,7.199999809265137,3600,ICCC,ImmuCell Corporation - Common Stock
2018-02-09,7.380000114440918,7.380000114440918,7.0,7.010000228881836,11300,ICCC,ImmuCell Corporation - Common Stock
2018-02-12,7.170000076293945,7.400000095367432,7.170000076293945,7.400000095367432,3000,ICCC,ImmuCell Corporation - Common Stock
2018-02-13,7.300000190734863,7.320000171661377,7.260000228881836,7.260000228881836,900,ICCC,ImmuCell Corporation - Common Stock
2018-02-14,7.349999904632568,7.349999904632568,7.309999942779541,7.309999942779541,8300,ICCC,ImmuCell Corporation - Common Stock
2018-02-15,7.309999942779541,7.309999942779541,7.230000019073486,7.230000019073486,500,ICCC,ImmuCell Corporation - Common Stock
2018-02-16,7.360000133514404,7.369999885559082,7.28000020980835,7.28000020980835,1000,ICCC,ImmuCell Corporation - Common Stock
2018-02-20,7.170000076293945,7.25,7.159999847412109,7.199999809265137,12100,ICCC,ImmuCell Corporation - Common Stock
2018-02-21,7.25,7.289999961853027,7.150000095367432,7.179999828338623,2400,ICCC,ImmuCell Corporation - Common Stock
2018-02-22,7.21999979019165,7.260000228881836,7.21999979019165,7.260000228881836,500,ICCC,ImmuCell Corporation - Common Stock
2018-02-23,7.199999809265137,7.210000038146973,7.199999809265137,7.210000038146973,2800,ICCC,ImmuCell Corporation - Common Stock
2018-02-26,7.199999809265137,7.199999809265137,7.199999809265137,7.199999809265137,0,ICCC,ImmuCell Corporation - Common Stock
2018-02-27,7.289999961853027,7.539999961853027,7.230000019073486,7.389999866485596,13100,ICCC,ImmuCell Corporation - Common Stock
2018-02-28,7.230000019073486,7.300000190734863,7.21999979019165,7.289999961853027,5300,ICCC,ImmuCell Corporation - Common Stock
2018-03-01,7.300000190734863,7.349999904632568,7.260000228881836,7.260000228881836,12600,ICCC,ImmuCell Corporation - Common Stock
2018-03-02,7.300000190734863,7.400000095367432,7.289999961853027,7.300000190734863,5800,ICCC,ImmuCell Corporation - Common Stock
2018-03-05,7.25,7.269999980926514,7.0,7.25,8800,ICCC,ImmuCell Corporation - Common Stock
2018-03-06,7.099999904632568,7.340000152587891,7.099999904632568,7.21999979019165,5200,ICCC,ImmuCell Corporation - Common Stock
2018-03-07,7.199999809265137,7.360000133514404,7.0,7.0,10200,ICCC,ImmuCell Corporation - Common Stock
2018-03-08,7.210000038146973,7.28000020980835,7.119999885559082,7.239999771118164,4400,ICCC,ImmuCell Corporation - Common Stock
2018-03-09,7.269999980926514,7.289999961853027,7.039999961853027,7.039999961853027,4500,ICCC,ImmuCell Corporation - Common Stock
2018-03-12,7.130000114440918,7.5,7.130000114440918,7.150000095367432,10000,ICCC,ImmuCell Corporation - Common Stock
2018-03-13,7.199999809265137,7.400000095367432,7.170000076293945,7.170000076293945,1500,ICCC,ImmuCell Corporation - Common Stock
2018-03-14,7.150000095367432,7.230000019073486,7.150000095367432,7.170000076293945,5600,ICCC,ImmuCell Corporation - Common Stock
2018-03-15,7.099999904632568,7.139999866485596,7.099999904632568,7.110000133514404,1200,ICCC,ImmuCell Corporation - Common Stock
2018-03-16,7.150000095367432,7.199999809265137,7.150000095367432,7.179999828338623,4100,ICCC,ImmuCell Corporation - Common Stock
2018-03-19,7.079999923706055,7.190000057220459,7.070000171661377,7.190000057220459,2500,ICCC,ImmuCell Corporation - Common Stock
2018-03-20,7.0,7.110000133514404,7.0,7.019999980926514,8300,ICCC,ImmuCell Corporation - Common Stock
2018-03-21,7.059999942779541,7.179999828338623,7.059999942779541,7.099999904632568,4300,ICCC,ImmuCell Corporation - Common Stock
2018-03-22,7.050000190734863,7.059999942779541,7.019999980926514,7.039999961853027,3800,ICCC,ImmuCell Corporation - Common Stock
2018-03-23,7.059999942779541,7.059999942779541,6.869999885559082,7.010000228881836,12400,ICCC,ImmuCell Corporation - Common Stock
2018-03-26,6.960000038146973,7.03000020980835,6.960000038146973,7.019999980926514,1500,ICCC,ImmuCell Corporation - Common Stock
2018-03-27,6.929999828338623,7.03000020980835,6.75,6.949999809265137,10700,ICCC,ImmuCell Corporation - Common Stock
2018-03-28,7.079999923706055,7.090000152587891,6.699999809265137,6.880000114440918,9800,ICCC,ImmuCell Corporation - Common Stock
2018-03-29,7.0,7.199999809265137,6.820000171661377,7.019999980926514,3100,ICCC,ImmuCell Corporation - Common Stock
2018-04-02,7.039999961853027,7.190000057220459,7.039999961853027,7.190000057220459,600,ICCC,ImmuCell Corporation - Common Stock
2018-04-03,6.849999904632568,6.96999979019165,6.849999904632568,6.96999979019165,1100,ICCC,ImmuCell Corporation - Common Stock
2018-04-04,6.880000114440918,7.0,6.860000133514404,6.949999809265137,14200,ICCC,ImmuCell Corporation - Common Stock
2018-04-05,7.389999866485596,7.389999866485596,6.989999771118164,6.989999771118164,5600,ICCC,ImmuCell Corporation - Common Stock
2018-04-06,7.449999809265137,7.480000019073486,7.28000020980835,7.380000114440918,9500,ICCC,ImmuCell Corporation - Common Stock
2018-04-09,7.420000076293945,7.420000076293945,7.079999923706055,7.079999923706055,2500,ICCC,ImmuCell Corporation - Common Stock
2018-04-10,7.400000095367432,7.400000095367432,7.25,7.369999885559082,3400,ICCC,ImmuCell Corporation - Common Stock
2018-04-11,7.239999771118164,7.239999771118164,7.03000020980835,7.03000020980835,400,ICCC,ImmuCell Corporation - Common Stock
2018-04-12,7.110000133514404,7.179999828338623,7.010000228881836,7.010000228881836,2300,ICCC,ImmuCell Corporation - Common Stock
2018-04-13,6.960000038146973,7.059999942779541,6.940000057220459,7.059999942779541,400,ICCC,ImmuCell Corporation - Common Stock
2018-04-16,7.070000171661377,7.070000171661377,6.929999828338623,6.940000057220459,5100,ICCC,ImmuCell Corporation - Common Stock
2018-04-17,6.829999923706055,7.130000114440918,6.829999923706055,7.130000114440918,1600,ICCC,ImmuCell Corporation - Common Stock
2018-04-18,7.059999942779541,7.150000095367432,6.900000095367432,7.150000095367432,4500,ICCC,ImmuCell Corporation - Common Stock
2018-04-19,7.070000171661377,7.329999923706055,7.070000171661377,7.329999923706055,3000,ICCC,ImmuCell Corporation - Common Stock
2018-04-20,7.239999771118164,7.239999771118164,7.239999771118164,7.239999771118164,500,ICCC,ImmuCell Corporation - Common Stock
2018-04-23,7.239999771118164,7.239999771118164,7.239999771118164,7.239999771118164,0,ICCC,ImmuCell Corporation - Common Stock
2018-04-24,7.239999771118164,7.239999771118164,7.239999771118164,7.239999771118164,0,ICCC,ImmuCell Corporation - Common Stock
2018-04-25,7.320000171661377,7.340000152587891,7.320000171661377,7.329999923706055,1200,ICCC,ImmuCell Corporation - Common Stock
2018-04-26,7.110000133514404,7.110000133514404,7.110000133514404,7.110000133514404,1200,ICCC,ImmuCell Corporation - Common Stock
2018-04-27,7.25,7.349999904632568,7.210000038146973,7.210000038146973,3000,ICCC,ImmuCell Corporation - Common Stock
2018-04-30,7.210000038146973,7.329999923706055,7.099999904632568,7.21999979019165,4100,ICCC,ImmuCell Corporation - Common Stock
2018-05-01,7.21999979019165,7.21999979019165,7.21999979019165,7.21999979019165,500,ICCC,ImmuCell Corporation - Common Stock
2018-05-02,7.340000152587891,7.340000152587891,7.21999979019165,7.21999979019165,700,ICCC,ImmuCell Corporation - Common Stock
2018-05-03,7.349999904632568,7.349999904632568,7.300000190734863,7.300000190734863,1900,ICCC,ImmuCell Corporation - Common Stock
2018-05-04,8.09000015258789,8.319999694824219,7.329999923706055,7.349999904632568,29600,ICCC,ImmuCell Corporation - Common Stock
2018-05-07,8.010000228881836,8.25,8.010000228881836,8.25,2700,ICCC,ImmuCell Corporation - Common Stock
2018-05-08,7.840000152587891,7.840000152587891,7.739999771118164,7.739999771118164,400,ICCC,ImmuCell Corporation - Common Stock
2018-05-09,8.220000267028809,8.649999618530273,8.050000190734863,8.050000190734863,51700,ICCC,ImmuCell Corporation - Common Stock
2018-05-10,8.279999732971191,8.279999732971191,8.149999618530273,8.1899995803833,6500,ICCC,ImmuCell Corporation - Common Stock
2018-05-11,8.100000381469727,8.489999771118164,7.929999828338623,8.109999656677246,30400,ICCC,ImmuCell Corporation - Common Stock
2018-05-14,7.739999771118164,8.109999656677246,7.739999771118164,7.800000190734863,23300,ICCC,ImmuCell Corporation - Common Stock
2018-05-15,7.650000095367432,7.809999942779541,7.400000095367432,7.550000190734863,16200,ICCC,ImmuCell Corporation - Common Stock
2018-05-16,7.659999847412109,7.75,7.659999847412109,7.75,1200,ICCC,ImmuCell Corporation - Common Stock
2018-05-17,7.349999904632568,7.679999828338623,7.349999904632568,7.679999828338623,11200,ICCC,ImmuCell Corporation - Common Stock
2018-05-18,7.349999904632568,7.349999904632568,7.300000190734863,7.329999923706055,7600,ICCC,ImmuCell Corporation - Common Stock
2018-05-21,7.150000095367432,7.349999904632568,7.150000095367432,7.349999904632568,5300,ICCC,ImmuCell Corporation - Common Stock
2018-05-22,7.150000095367432,7.150000095367432,7.150000095367432,7.150000095367432,0,ICCC,ImmuCell Corporation - Common Stock
2018-05-23,7.150000095367432,7.300000190734863,7.139999866485596,7.300000190734863,3500,ICCC,ImmuCell Corporation - Common Stock
2018-05-24,7.150000095367432,7.150000095367432,7.150000095367432,7.150000095367432,0,ICCC,ImmuCell Corporation - Common Stock
2018-05-25,7.070000171661377,7.179999828338623,7.070000171661377,7.119999885559082,4400,ICCC,ImmuCell Corporation - Common Stock
2018-05-29,7.059999942779541,7.090000152587891,7.03000020980835,7.090000152587891,1500,ICCC,ImmuCell Corporation - Common Stock
2018-05-30,7.099999904632568,7.099999904632568,7.070000171661377,7.070000171661377,4600,ICCC,ImmuCell Corporation - Common Stock
2018-05-31,7.03000020980835,7.059999942779541,7.019999980926514,7.03000020980835,6700,ICCC,ImmuCell Corporation - Common Stock
2018-06-01,7.03000020980835,7.03000020980835,6.989999771118164,7.0,5200,ICCC,ImmuCell Corporation - Common Stock
2018-06-04,6.960000038146973,7.0,6.929999828338623,6.929999828338623,3600,ICCC,ImmuCell Corporation - Common Stock
2018-06-05,7.050000190734863,7.050000190734863,7.0,7.050000190734863,1200,ICCC,ImmuCell Corporation - Common Stock
2018-06-06,6.849999904632568,7.090000152587891,6.849999904632568,7.050000190734863,9300,ICCC,ImmuCell Corporation - Common Stock
2018-06-07,6.960000038146973,6.960000038146973,6.909999847412109,6.960000038146973,25800,ICCC,ImmuCell Corporation - Common Stock
2018-06-08,6.800000190734863,6.800000190734863,6.800000190734863,6.800000190734863,500,ICCC,ImmuCell Corporation - Common Stock
2018-06-11,6.829999923706055,6.829999923706055,6.829999923706055,6.829999923706055,500,ICCC,ImmuCell Corporation - Common Stock
2018-06-12,6.75,6.880000114440918,6.75,6.800000190734863,3400,ICCC,ImmuCell Corporation - Common Stock
2018-06-13,6.789999961853027,6.789999961853027,6.789999961853027,6.789999961853027,800,ICCC,ImmuCell Corporation - Common Stock
2018-06-14,6.849999904632568,6.869999885559082,6.809999942779541,6.809999942779541,2600,ICCC,ImmuCell Corporation - Common Stock
2018-06-15,6.809999942779541,6.849999904632568,6.809999942779541,6.840000152587891,1400,ICCC,ImmuCell Corporation - Common Stock
2018-06-18,6.849999904632568,6.849999904632568,6.809999942779541,6.840000152587891,700,ICCC,ImmuCell Corporation - Common Stock
2018-06-19,6.75,6.849999904632568,6.75,6.809999942779541,6500,ICCC,ImmuCell Corporation - Common Stock
2018-06-20,6.840000152587891,6.849999904632568,6.75,6.849999904632568,6500,ICCC,ImmuCell Corporation - Common Stock
2018-06-21,6.840000152587891,6.840000152587891,6.75,6.809999942779541,5000,ICCC,ImmuCell Corporation - Common Stock
2018-06-22,6.75,6.829999923706055,6.75,6.829999923706055,2300,ICCC,ImmuCell Corporation - Common Stock
2018-06-25,6.800000190734863,6.809999942779541,6.739999771118164,6.739999771118164,4500,ICCC,ImmuCell Corporation - Common Stock
2018-06-26,6.800000190734863,6.800000190734863,6.800000190734863,6.800000190734863,0,ICCC,ImmuCell Corporation - Common Stock
2018-06-27,6.75,6.75,6.75,6.75,1100,ICCC,ImmuCell Corporation - Common Stock
2018-06-28,6.809999942779541,6.809999942779541,6.809999942779541,6.809999942779541,200,ICCC,ImmuCell Corporation - Common Stock
2018-06-29,6.820000171661377,6.820000171661377,6.769999980926514,6.769999980926514,500,ICCC,ImmuCell Corporation - Common Stock
2018-07-02,6.869999885559082,6.869999885559082,6.820000171661377,6.820000171661377,1200,ICCC,ImmuCell Corporation - Common Stock
2018-07-03,6.800000190734863,6.849999904632568,6.800000190734863,6.849999904632568,4200,ICCC,ImmuCell Corporation - Common Stock
2018-07-05,6.860000133514404,6.860000133514404,6.75,6.800000190734863,2400,ICCC,ImmuCell Corporation - Common Stock
2018-07-06,6.800000190734863,6.849999904632568,6.800000190734863,6.800000190734863,1700,ICCC,ImmuCell Corporation - Common Stock
2018-07-09,6.960000038146973,7.179999828338623,6.880000114440918,6.880000114440918,18400,ICCC,ImmuCell Corporation - Common Stock
2018-07-10,7.460000038146973,8.09000015258789,7.039999961853027,7.039999961853027,36500,ICCC,ImmuCell Corporation - Common Stock
2018-07-11,7.179999828338623,7.96999979019165,7.179999828338623,7.400000095367432,17400,ICCC,ImmuCell Corporation - Common Stock
2018-07-12,6.900000095367432,7.400000095367432,6.75,7.099999904632568,14700,ICCC,ImmuCell Corporation - Common Stock
2018-07-13,6.869999885559082,7.059999942779541,6.869999885559082,7.059999942779541,2400,ICCC,ImmuCell Corporation - Common Stock
2018-07-16,6.96999979019165,6.96999979019165,6.880000114440918,6.96999979019165,3800,ICCC,ImmuCell Corporation - Common Stock
2018-07-17,6.96999979019165,7.0,6.869999885559082,7.0,3500,ICCC,ImmuCell Corporation - Common Stock
2018-07-18,7.059999942779541,7.150000095367432,6.940000057220459,6.949999809265137,7900,ICCC,ImmuCell Corporation - Common Stock
2018-07-19,6.900000095367432,7.150000095367432,6.900000095367432,7.059999942779541,18900,ICCC,ImmuCell Corporation - Common Stock
2018-07-20,7.079999923706055,7.289999961853027,6.96999979019165,6.96999979019165,2600,ICCC,ImmuCell Corporation - Common Stock
2018-07-23,7.119999885559082,7.119999885559082,7.119999885559082,7.119999885559082,1100,ICCC,ImmuCell Corporation - Common Stock
2018-07-24,7.119999885559082,7.119999885559082,7.119999885559082,7.119999885559082,0,ICCC,ImmuCell Corporation - Common Stock
2018-07-25,7.059999942779541,7.210000038146973,7.059999942779541,7.210000038146973,300,ICCC,ImmuCell Corporation - Common Stock
2018-07-26,7.010000228881836,7.039999961853027,7.0,7.019999980926514,5000,ICCC,ImmuCell Corporation - Common Stock
2018-07-27,7.070000171661377,7.150000095367432,7.070000171661377,7.150000095367432,500,ICCC,ImmuCell Corporation - Common Stock
2018-07-30,6.900000095367432,7.150000095367432,6.900000095367432,7.070000171661377,9200,ICCC,ImmuCell Corporation - Common Stock
2018-07-31,6.800000190734863,7.050000190734863,6.800000190734863,7.050000190734863,7600,ICCC,ImmuCell Corporation - Common Stock
2018-08-01,6.940000057220459,6.949999809265137,6.800000190734863,6.800000190734863,3900,ICCC,ImmuCell Corporation - Common Stock
2018-08-02,6.75,6.880000114440918,6.739999771118164,6.809999942779541,12400,ICCC,ImmuCell Corporation - Common Stock
2018-08-03,6.679999828338623,6.78000020980835,6.5,6.75,18100,ICCC,ImmuCell Corporation - Common Stock
2018-08-06,6.619999885559082,6.829999923706055,6.619999885559082,6.699999809265137,1900,ICCC,ImmuCell Corporation - Common Stock
2018-08-07,6.739999771118164,6.739999771118164,6.559999942779541,6.559999942779541,2500,ICCC,ImmuCell Corporation - Common Stock
2018-08-08,6.639999866485596,6.739999771118164,6.619999885559082,6.739999771118164,800,ICCC,ImmuCell Corporation - Common Stock
2018-08-09,6.579999923706055,6.599999904632568,6.5,6.579999923706055,11400,ICCC,ImmuCell Corporation - Common Stock
2018-08-10,6.559999942779541,6.559999942779541,6.5,6.5,8200,ICCC,ImmuCell Corporation - Common Stock
2018-08-13,6.5,6.679999828338623,6.5,6.619999885559082,4500,ICCC,ImmuCell Corporation - Common Stock
2018-08-14,6.539999961853027,6.570000171661377,6.5,6.5,6900,ICCC,ImmuCell Corporation - Common Stock
2018-08-15,6.519999980926514,6.690000057220459,6.5,6.5,5900,ICCC,ImmuCell Corporation - Common Stock
2018-08-16,6.679999828338623,6.679999828338623,6.590000152587891,6.679999828338623,5100,ICCC,ImmuCell Corporation - Common Stock
2018-08-17,6.679999828338623,6.679999828338623,6.679999828338623,6.679999828338623,0,ICCC,ImmuCell Corporation - Common Stock
2018-08-20,6.630000114440918,6.639999866485596,6.630000114440918,6.639999866485596,900,ICCC,ImmuCell Corporation - Common Stock
2018-08-21,6.730000019073486,6.849999904632568,6.710000038146973,6.849999904632568,4700,ICCC,ImmuCell Corporation - Common Stock
2018-08-22,6.789999961853027,6.789999961853027,6.789999961853027,6.789999961853027,500,ICCC,ImmuCell Corporation - Common Stock
2018-08-23,6.789999961853027,6.96999979019165,6.789999961853027,6.800000190734863,4900,ICCC,ImmuCell Corporation - Common Stock
2018-08-24,6.96999979019165,6.96999979019165,6.829999923706055,6.829999923706055,5200,ICCC,ImmuCell Corporation - Common Stock
2018-08-27,6.78000020980835,6.96999979019165,6.78000020980835,6.96999979019165,1600,ICCC,ImmuCell Corporation - Common Stock
2018-08-28,6.949999809265137,6.96999979019165,6.78000020980835,6.78000020980835,5000,ICCC,ImmuCell Corporation - Common Stock
2018-08-29,6.849999904632568,6.900000095367432,6.849999904632568,6.900000095367432,500,ICCC,ImmuCell Corporation - Common Stock
2018-08-30,6.829999923706055,6.849999904632568,6.829999923706055,6.849999904632568,2700,ICCC,ImmuCell Corporation - Common Stock
2018-08-31,6.96999979019165,6.96999979019165,6.900000095367432,6.900000095367432,2500,ICCC,ImmuCell Corporation - Common Stock
2018-09-04,6.900000095367432,6.900000095367432,6.840000152587891,6.860000133514404,4400,ICCC,ImmuCell Corporation - Common Stock
2018-09-05,6.96999979019165,6.96999979019165,6.800000190734863,6.800000190734863,900,ICCC,ImmuCell Corporation - Common Stock
2018-09-06,7.489999771118164,7.489999771118164,6.849999904632568,6.849999904632568,9000,ICCC,ImmuCell Corporation - Common Stock
2018-09-07,7.230000019073486,8.0,7.199999809265137,7.25,8700,ICCC,ImmuCell Corporation - Common Stock
2018-09-10,7.449999809265137,7.650000095367432,7.099999904632568,7.119999885559082,1400,ICCC,ImmuCell Corporation - Common Stock
2018-09-11,7.849999904632568,7.989999771118164,7.5,7.510000228881836,2800,ICCC,ImmuCell Corporation - Common Stock
2018-09-12,8.449999809265137,8.489999771118164,7.599999904632568,7.760000228881836,42100,ICCC,ImmuCell Corporation - Common Stock
2018-09-13,8.359999656677246,8.75,7.900000095367432,8.470000267028809,36300,ICCC,ImmuCell Corporation - Common Stock
2018-09-14,8.0,8.279999732971191,8.0,8.140000343322754,6800,ICCC,ImmuCell Corporation - Common Stock
2018-09-17,8.170000076293945,8.170000076293945,7.650000095367432,7.900000095367432,5800,ICCC,ImmuCell Corporation - Common Stock
2018-09-18,7.690000057220459,8.020000457763672,7.650000095367432,7.929999828338623,7600,ICCC,ImmuCell Corporation - Common Stock
2018-09-19,7.599999904632568,7.75,7.329999923706055,7.5,12700,ICCC,ImmuCell Corporation - Common Stock
2018-09-20,8.25,9.239999771118164,7.349999904632568,7.599999904632568,49900,ICCC,ImmuCell Corporation - Common Stock
2018-09-21,8.989999771118164,8.989999771118164,8.25,8.510000228881836,28700,ICCC,ImmuCell Corporation - Common Stock
2018-09-24,8.430000305175781,8.989999771118164,8.359999656677246,8.989999771118164,7200,ICCC,ImmuCell Corporation - Common Stock
2018-09-25,8.399999618530273,8.779999732971191,8.3100004196167,8.670000076293945,5200,ICCC,ImmuCell Corporation - Common Stock
2018-09-26,8.510000228881836,8.739999771118164,8.510000228881836,8.600000381469727,8600,ICCC,ImmuCell Corporation - Common Stock
2018-09-27,8.300000190734863,8.539999961853027,8.300000190734863,8.539999961853027,1500,ICCC,ImmuCell Corporation - Common Stock
2018-09-28,8.329999923706055,8.550000190734863,8.3100004196167,8.369999885559082,3200,ICCC,ImmuCell Corporation - Common Stock
2018-10-01,8.609999656677246,8.710000038146973,8.359999656677246,8.390000343322754,9200,ICCC,ImmuCell Corporation - Common Stock
2018-10-02,8.449999809265137,8.510000228881836,8.399999618530273,8.510000228881836,5200,ICCC,ImmuCell Corporation - Common Stock
2018-10-03,8.239999771118164,8.380000114440918,7.980000019073486,8.319999694824219,7300,ICCC,ImmuCell Corporation - Common Stock
2018-10-04,8.25,8.390000343322754,8.010000228881836,8.199999809265137,3700,ICCC,ImmuCell Corporation - Common Stock
2018-10-05,8.270000457763672,8.520000457763672,8.0,8.489999771118164,14200,ICCC,ImmuCell Corporation - Common Stock
2018-10-08,8.899999618530273,8.989999771118164,8.350000381469727,8.350000381469727,8600,ICCC,ImmuCell Corporation - Common Stock
2018-10-09,9.029999732971191,9.300000190734863,8.600000381469727,8.65999984741211,26000,ICCC,ImmuCell Corporation - Common Stock
2018-10-10,8.600000381469727,9.050000190734863,8.600000381469727,8.800000190734863,16500,ICCC,ImmuCell Corporation - Common Stock
2018-10-11,8.9399995803833,8.9399995803833,8.109999656677246,8.680000305175781,4000,ICCC,ImmuCell Corporation - Common Stock
2018-10-12,8.579999923706055,8.579999923706055,8.25,8.520000457763672,13300,ICCC,ImmuCell Corporation - Common Stock
2018-10-15,8.5600004196167,8.5600004196167,8.5600004196167,8.5600004196167,600,ICCC,ImmuCell Corporation - Common Stock
2018-10-16,8.510000228881836,8.510000228881836,8.260000228881836,8.390000343322754,1100,ICCC,ImmuCell Corporation - Common Stock
2018-10-17,8.510000228881836,8.510000228881836,8.510000228881836,8.510000228881836,0,ICCC,ImmuCell Corporation - Common Stock
2018-10-18,8.520000457763672,8.520000457763672,8.520000457763672,8.520000457763672,100,ICCC,ImmuCell Corporation - Common Stock
2018-10-19,8.229999542236328,8.229999542236328,8.229999542236328,8.229999542236328,300,ICCC,ImmuCell Corporation - Common Stock
2018-10-22,8.300000190734863,8.390000343322754,8.239999771118164,8.239999771118164,1700,ICCC,ImmuCell Corporation - Common Stock
2018-10-23,8.4399995803833,8.4399995803833,8.25,8.34000015258789,4200,ICCC,ImmuCell Corporation - Common Stock
2018-10-24,8.229999542236328,8.229999542236328,8.149999618530273,8.149999618530273,900,ICCC,ImmuCell Corporation - Common Stock
2018-10-25,8.380000114440918,8.380000114440918,8.289999961853027,8.289999961853027,300,ICCC,ImmuCell Corporation - Common Stock
2018-10-26,8.130000114440918,8.130000114440918,7.769999980926514,7.769999980926514,1500,ICCC,ImmuCell Corporation - Common Stock
2018-10-29,7.920000076293945,7.920000076293945,7.920000076293945,7.920000076293945,1600,ICCC,ImmuCell Corporation - Common Stock
2018-10-30,7.949999809265137,8.100000381469727,7.769999980926514,7.789999961853027,3500,ICCC,ImmuCell Corporation - Common Stock
2018-10-31,7.980000019073486,7.980000019073486,7.980000019073486,7.980000019073486,700,ICCC,ImmuCell Corporation - Common Stock
2018-11-01,7.510000228881836,7.909999847412109,7.099999904632568,7.909999847412109,3100,ICCC,ImmuCell Corporation - Common Stock
2018-11-02,7.5,7.769999980926514,7.130000114440918,7.570000171661377,16000,ICCC,ImmuCell Corporation - Common Stock
2018-11-05,7.5,7.5,7.5,7.5,100,ICCC,ImmuCell Corporation - Common Stock
2018-11-06,7.400000095367432,7.400000095367432,7.400000095367432,7.400000095367432,300,ICCC,ImmuCell Corporation - Common Stock
2018-11-07,7.690000057220459,7.710000038146973,7.690000057220459,7.710000038146973,1900,ICCC,ImmuCell Corporation - Common Stock
2018-11-08,7.690000057220459,7.690000057220459,7.690000057220459,7.690000057220459,100,ICCC,ImmuCell Corporation - Common Stock
2018-11-09,7.630000114440918,7.630000114440918,7.369999885559082,7.369999885559082,1600,ICCC,ImmuCell Corporation - Common Stock
2018-11-12,7.300000190734863,7.699999809265137,7.300000190734863,7.510000228881836,2100,ICCC,ImmuCell Corporation - Common Stock
2018-11-13,7.389999866485596,7.550000190734863,7.389999866485596,7.46999979019165,2200,ICCC,ImmuCell Corporation - Common Stock
2018-11-14,7.449999809265137,7.539999961853027,7.449999809265137,7.539999961853027,700,ICCC,ImmuCell Corporation - Common Stock
2018-11-15,7.760000228881836,7.760000228881836,7.760000228881836,7.760000228881836,300,ICCC,ImmuCell Corporation - Common Stock
2018-11-16,7.75,8.050000190734863,7.519999980926514,7.519999980926514,4800,ICCC,ImmuCell Corporation - Common Stock
2018-11-19,7.550000190734863,7.550000190734863,7.550000190734863,7.550000190734863,100,ICCC,ImmuCell Corporation - Common Stock
2018-11-20,7.400000095367432,7.5,7.400000095367432,7.5,800,ICCC,ImmuCell Corporation - Common Stock
2018-11-21,7.5,7.5,7.5,7.5,400,ICCC,ImmuCell Corporation - Common Stock
2018-11-23,7.5,7.5,7.5,7.5,100,ICCC,ImmuCell Corporation - Common Stock
2018-11-26,7.5,7.5,7.5,7.5,100,ICCC,ImmuCell Corporation - Common Stock
2018-11-27,7.5,7.5,7.480000019073486,7.489999771118164,900,ICCC,ImmuCell Corporation - Common Stock
2018-11-28,7.5,7.5,7.449999809265137,7.449999809265137,1200,ICCC,ImmuCell Corporation - Common Stock
2018-11-29,7.5,7.5,7.46999979019165,7.46999979019165,1000,ICCC,ImmuCell Corporation - Common Stock
2018-11-30,7.349999904632568,7.449999809265137,7.349999904632568,7.449999809265137,2800,ICCC,ImmuCell Corporation - Common Stock
2018-12-03,7.349999904632568,7.349999904632568,7.349999904632568,7.349999904632568,100,ICCC,ImmuCell Corporation - Common Stock
2018-12-04,7.179999828338623,7.449999809265137,6.829999923706055,7.360000133514404,9500,ICCC,ImmuCell Corporation - Common Stock
2018-12-06,7.139999866485596,7.320000171661377,7.099999904632568,7.099999904632568,1000,ICCC,ImmuCell Corporation - Common Stock
2018-12-07,7.480000019073486,7.480000019073486,7.480000019073486,7.480000019073486,300,ICCC,ImmuCell Corporation - Common Stock
2018-12-10,7.460000038146973,7.460000038146973,7.460000038146973,7.460000038146973,200,ICCC,ImmuCell Corporation - Common Stock
2018-12-11,7.199999809265137,7.400000095367432,7.199999809265137,7.400000095367432,9900,ICCC,ImmuCell Corporation - Common Stock
2018-12-12,7.179999828338623,7.239999771118164,6.949999809265137,7.239999771118164,2800,ICCC,ImmuCell Corporation - Common Stock
2018-12-13,7.25,7.25,7.25,7.25,100,ICCC,ImmuCell Corporation - Common Stock
2018-12-14,7.300000190734863,7.340000152587891,7.300000190734863,7.340000152587891,300,ICCC,ImmuCell Corporation - Common Stock
2018-12-17,7.300000190734863,7.300000190734863,7.300000190734863,7.300000190734863,1000,ICCC,ImmuCell Corporation - Common Stock
2018-12-18,7.300000190734863,7.400000095367432,7.199999809265137,7.400000095367432,1200,ICCC,ImmuCell Corporation - Common Stock
2018-12-19,7.239999771118164,7.239999771118164,7.239999771118164,7.239999771118164,600,ICCC,ImmuCell Corporation - Common Stock
2018-12-20,7.0,7.28000020980835,7.0,7.199999809265137,3700,ICCC,ImmuCell Corporation - Common Stock
2018-12-21,6.460000038146973,7.019999980926514,6.460000038146973,6.900000095367432,5700,ICCC,ImmuCell Corporation - Common Stock
2018-12-24,6.400000095367432,6.610000133514404,6.380000114440918,6.5,13000,ICCC,ImmuCell Corporation - Common Stock
2018-12-26,6.650000095367432,6.699999809265137,6.599999904632568,6.599999904632568,2400,ICCC,ImmuCell Corporation - Common Stock
2018-12-27,7.190000057220459,7.190000057220459,6.929999828338623,6.980000019073486,2200,ICCC,ImmuCell Corporation - Common Stock
2018-12-28,7.179999828338623,7.190000057220459,6.809999942779541,6.809999942779541,1900,ICCC,ImmuCell Corporation - Common Stock
2018-12-31,7.050000190734863,7.170000076293945,6.809999942779541,7.150000095367432,4600,ICCC,ImmuCell Corporation - Common Stock
2019-01-02,7.039999961853027,7.039999961853027,7.019999980926514,7.019999980926514,500,ICCC,ImmuCell Corporation - Common Stock
2019-01-03,7.039999961853027,7.039999961853027,7.039999961853027,7.039999961853027,100,ICCC,ImmuCell Corporation - Common Stock
2019-01-04,6.949999809265137,7.170000076293945,6.949999809265137,7.170000076293945,1700,ICCC,ImmuCell Corporation - Common Stock
2019-01-07,6.949999809265137,6.949999809265137,6.949999809265137,6.949999809265137,900,ICCC,ImmuCell Corporation - Common Stock
2019-01-08,6.849999904632568,6.849999904632568,6.849999904632568,6.849999904632568,400,ICCC,ImmuCell Corporation - Common Stock
2019-01-09,7.0,7.0,6.760000228881836,6.800000190734863,4300,ICCC,ImmuCell Corporation - Common Stock
2019-01-10,7.150000095367432,7.25,6.909999847412109,7.03000020980835,3100,ICCC,ImmuCell Corporation - Common Stock
2019-01-11,6.960000038146973,6.960000038146973,6.960000038146973,6.960000038146973,300,ICCC,ImmuCell Corporation - Common Stock
2019-01-14,7.119999885559082,7.150000095367432,7.079999923706055,7.150000095367432,1500,ICCC,ImmuCell Corporation - Common Stock
2019-01-15,7.25,7.25,7.179999828338623,7.179999828338623,300,ICCC,ImmuCell Corporation - Common Stock
2019-01-16,7.199999809265137,7.239999771118164,7.010000228881836,7.21999979019165,2300,ICCC,ImmuCell Corporation - Common Stock
2019-01-17,7.150000095367432,7.25,7.150000095367432,7.199999809265137,800,ICCC,ImmuCell Corporation - Common Stock
2019-01-18,7.559999942779541,8.100000381469727,7.150000095367432,7.239999771118164,41400,ICCC,ImmuCell Corporation - Common Stock
2019-01-22,7.5,7.849999904632568,7.400000095367432,7.659999847412109,5600,ICCC,ImmuCell Corporation - Common Stock
2019-01-23,7.5,7.5,7.5,7.5,100,ICCC,ImmuCell Corporation - Common Stock
2019-01-24,7.650000095367432,7.650000095367432,7.519999980926514,7.599999904632568,7500,ICCC,ImmuCell Corporation - Common Stock
2019-01-25,8.09000015258789,8.149999618530273,7.440000057220459,7.440000057220459,11000,ICCC,ImmuCell Corporation - Common Stock
2019-01-28,8.09000015258789,8.09000015258789,8.09000015258789,8.09000015258789,100,ICCC,ImmuCell Corporation - Common Stock
2019-01-29,8.09000015258789,8.09000015258789,8.09000015258789,8.09000015258789,200,ICCC,ImmuCell Corporation - Common Stock
2019-01-30,7.909999847412109,8.0,7.909999847412109,7.909999847412109,2400,ICCC,ImmuCell Corporation - Common Stock
2019-01-31,7.860000133514404,7.860000133514404,7.849999904632568,7.860000133514404,9000,ICCC,ImmuCell Corporation - Common Stock
2019-02-01,7.75,7.849999904632568,7.260000228881836,7.849999904632568,18600,ICCC,ImmuCell Corporation - Common Stock
2019-02-04,7.369999885559082,7.369999885559082,7.349999904632568,7.349999904632568,700,ICCC,ImmuCell Corporation - Common Stock
2019-02-05,7.150000095367432,7.5,7.150000095367432,7.349999904632568,3200,ICCC,ImmuCell Corporation - Common Stock
2019-02-06,7.309999942779541,7.420000076293945,7.099999904632568,7.110000133514404,5100,ICCC,ImmuCell Corporation - Common Stock
2019-02-07,7.130000114440918,7.130000114440918,7.130000114440918,7.130000114440918,1100,ICCC,ImmuCell Corporation - Common Stock
2019-02-08,7.5,7.539999961853027,7.150000095367432,7.150000095367432,3300,ICCC,ImmuCell Corporation - Common Stock
2019-02-11,7.510000228881836,7.510000228881836,7.510000228881836,7.510000228881836,300,ICCC,ImmuCell Corporation - Common Stock
2019-02-12,7.659999847412109,7.659999847412109,7.659999847412109,7.659999847412109,300,ICCC,ImmuCell Corporation - Common Stock
2019-02-13,7.789999961853027,7.900000095367432,7.599999904632568,7.599999904632568,900,ICCC,ImmuCell Corporation - Common Stock
2019-02-14,7.25,8.279999732971191,7.099999904632568,8.25,26000,ICCC,ImmuCell Corporation - Common Stock
2019-02-15,7.0,7.300000190734863,6.989999771118164,7.28000020980835,8100,ICCC,ImmuCell Corporation - Common Stock
2019-02-19,7.119999885559082,7.119999885559082,7.119999885559082,7.119999885559082,300,ICCC,ImmuCell Corporation - Common Stock
2019-02-20,7.0,7.300000190734863,7.0,7.150000095367432,7200,ICCC,ImmuCell Corporation - Common Stock
2019-02-21,7.199999809265137,7.289999961853027,7.199999809265137,7.289999961853027,1500,ICCC,ImmuCell Corporation - Common Stock
2019-02-22,7.289999961853027,7.289999961853027,7.239999771118164,7.260000228881836,1100,ICCC,ImmuCell Corporation - Common Stock
2019-02-25,7.190000057220459,7.269999980926514,7.0,7.269999980926514,1400,ICCC,ImmuCell Corporation - Common Stock
2019-02-26,7.289999961853027,7.289999961853027,7.099999904632568,7.099999904632568,1400,ICCC,ImmuCell Corporation - Common Stock
2019-02-27,7.289999961853027,7.289999961853027,7.289999961853027,7.289999961853027,100,ICCC,ImmuCell Corporation - Common Stock
2019-02-28,7.230000019073486,7.300000190734863,7.059999942779541,7.199999809265137,20900,ICCC,ImmuCell Corporation - Common Stock
2019-03-01,7.0,7.150000095367432,7.0,7.150000095367432,6400,ICCC,ImmuCell Corporation - Common Stock
2019-03-04,7.03000020980835,7.170000076293945,6.920000076293945,6.989999771118164,14300,ICCC,ImmuCell Corporation - Common Stock
2019-03-05,6.989999771118164,7.099999904632568,6.989999771118164,7.099999904632568,2800,ICCC,ImmuCell Corporation - Common Stock
2019-03-06,6.949999809265137,7.0,6.949999809265137,7.0,1600,ICCC,ImmuCell Corporation - Common Stock
2019-03-07,6.96999979019165,6.96999979019165,6.909999847412109,6.909999847412109,900,ICCC,ImmuCell Corporation - Common Stock
2019-03-08,6.809999942779541,6.949999809265137,6.809999942779541,6.900000095367432,3300,ICCC,ImmuCell Corporation - Common Stock
2019-03-11,6.710000038146973,6.900000095367432,6.710000038146973,6.760000228881836,3700,ICCC,ImmuCell Corporation - Common Stock
2019-03-12,6.699999809265137,6.78000020980835,6.699999809265137,6.78000020980835,500,ICCC,ImmuCell Corporation - Common Stock
2019-03-13,6.840000152587891,6.940000057220459,6.730000019073486,6.730000019073486,1300,ICCC,ImmuCell Corporation - Common Stock
2019-03-14,6.800000190734863,6.800000190734863,6.699999809265137,6.730000019073486,1900,ICCC,ImmuCell Corporation - Common Stock
2019-03-15,6.820000171661377,6.909999847412109,6.599999904632568,6.820000171661377,7000,ICCC,ImmuCell Corporation - Common Stock
2019-03-18,6.820000171661377,6.820000171661377,6.820000171661377,6.820000171661377,0,ICCC,ImmuCell Corporation - Common Stock
2019-03-19,6.860000133514404,6.860000133514404,6.860000133514404,6.860000133514404,200,ICCC,ImmuCell Corporation - Common Stock
2019-03-20,6.949999809265137,6.949999809265137,6.949999809265137,6.949999809265137,200,ICCC,ImmuCell Corporation - Common Stock
2019-03-21,6.949999809265137,6.949999809265137,6.949999809265137,6.949999809265137,100,ICCC,ImmuCell Corporation - Common Stock
2019-03-22,6.849999904632568,6.940000057220459,6.840000152587891,6.940000057220459,2500,ICCC,ImmuCell Corporation - Common Stock
2019-03-25,6.909999847412109,6.909999847412109,6.909999847412109,6.909999847412109,1100,ICCC,ImmuCell Corporation - Common Stock
2019-03-26,6.670000076293945,6.670000076293945,6.670000076293945,6.670000076293945,100,ICCC,ImmuCell Corporation - Common Stock
2019-03-27,5.909999847412109,6.420000076293945,5.550000190734863,5.550000190734863,213000,ICCC,ImmuCell Corporation - Common Stock
2019-03-28,6.480000019073486,6.510000228881836,5.75,5.809999942779541,23100,ICCC,ImmuCell Corporation - Common Stock
2019-03-29,6.349999904632568,6.519999980926514,6.25,6.519999980926514,14300,ICCC,ImmuCell Corporation - Common Stock
2019-04-01,6.349999904632568,6.380000114440918,6.300000190734863,6.380000114440918,3600,ICCC,ImmuCell Corporation - Common Stock
2019-04-02,6.349999904632568,6.380000114440918,6.150000095367432,6.329999923706055,9100,ICCC,ImmuCell Corporation - Common Stock
2019-04-03,6.199999809265137,6.369999885559082,6.099999904632568,6.099999904632568,5700,ICCC,ImmuCell Corporation - Common Stock
2019-04-04,6.28000020980835,6.289999961853027,6.119999885559082,6.119999885559082,8500,ICCC,ImmuCell Corporation - Common Stock
2019-04-05,5.929999828338623,6.28000020980835,5.909999847412109,6.110000133514404,27700,ICCC,ImmuCell Corporation - Common Stock
2019-04-08,6.25,6.25,5.909999847412109,5.920000076293945,21800,ICCC,ImmuCell Corporation - Common Stock
2019-04-09,6.289999961853027,6.300000190734863,5.960000038146973,6.0,9300,ICCC,ImmuCell Corporation - Common Stock
2019-04-10,6.300000190734863,6.369999885559082,6.119999885559082,6.320000171661377,5000,ICCC,ImmuCell Corporation - Common Stock
2019-04-11,6.5,6.610000133514404,6.289999961853027,6.400000095367432,2100,ICCC,ImmuCell Corporation - Common Stock
2019-04-12,6.630000114440918,6.630000114440918,6.170000076293945,6.300000190734863,8200,ICCC,ImmuCell Corporation - Common Stock
2019-04-15,6.190000057220459,6.300000190734863,6.190000057220459,6.25,2200,ICCC,ImmuCell Corporation - Common Stock
2019-04-16,6.050000190734863,6.139999866485596,5.989999771118164,5.989999771118164,2700,ICCC,ImmuCell Corporation - Common Stock
2019-04-17,6.0,6.199999809265137,6.0,6.150000095367432,4600,ICCC,ImmuCell Corporation - Common Stock
2019-04-18,5.940000057220459,6.159999847412109,5.900000095367432,6.039999961853027,6200,ICCC,ImmuCell Corporation - Common Stock
2019-04-22,5.889999866485596,6.110000133514404,5.849999904632568,5.989999771118164,14900,ICCC,ImmuCell Corporation - Common Stock
2019-04-23,6.210000038146973,6.210000038146973,5.900000095367432,5.980000019073486,11100,ICCC,ImmuCell Corporation - Common Stock
2019-04-24,6.050000190734863,6.21999979019165,6.050000190734863,6.21999979019165,1300,ICCC,ImmuCell Corporation - Common Stock
2019-04-25,6.329999923706055,6.449999809265137,6.010000228881836,6.010000228881836,3400,ICCC,ImmuCell Corporation - Common Stock
2019-04-26,6.130000114440918,6.420000076293945,6.130000114440918,6.420000076293945,500,ICCC,ImmuCell Corporation - Common Stock
2019-04-29,6.25,6.489999771118164,6.0,6.0,15800,ICCC,ImmuCell Corporation - Common Stock
2019-04-30,6.429999828338623,6.489999771118164,6.260000228881836,6.260000228881836,1000,ICCC,ImmuCell Corporation - Common Stock
2019-05-01,6.269999980926514,6.380000114440918,6.260000228881836,6.320000171661377,1800,ICCC,ImmuCell Corporation - Common Stock
2019-05-02,5.960000038146973,6.46999979019165,5.949999809265137,6.300000190734863,9200,ICCC,ImmuCell Corporation - Common Stock
2019-05-03,5.929999828338623,6.0,5.849999904632568,5.849999904632568,5400,ICCC,ImmuCell Corporation - Common Stock
2019-05-06,6.050000190734863,6.159999847412109,5.900000095367432,5.980000019073486,3900,ICCC,ImmuCell Corporation - Common Stock
2019-05-07,6.400000095367432,6.449999809265137,6.150000095367432,6.199999809265137,12800,ICCC,ImmuCell Corporation - Common Stock
2019-05-08,6.400000095367432,6.400000095367432,6.400000095367432,6.400000095367432,100,ICCC,ImmuCell Corporation - Common Stock
2019-05-09,6.599999904632568,6.599999904632568,6.210000038146973,6.420000076293945,1400,ICCC,ImmuCell Corporation - Common Stock
2019-05-10,6.380000114440918,6.53000020980835,5.989999771118164,6.53000020980835,59900,ICCC,ImmuCell Corporation - Common Stock
2019-05-13,6.21999979019165,6.21999979019165,6.21999979019165,6.21999979019165,1100,ICCC,ImmuCell Corporation - Common Stock
2019-05-14,6.25,6.5,6.25,6.380000114440918,5600,ICCC,ImmuCell Corporation - Common Stock
2019-05-15,6.159999847412109,6.570000171661377,6.159999847412109,6.449999809265137,2100,ICCC,ImmuCell Corporation - Common Stock
2019-05-16,6.329999923706055,6.550000190734863,6.329999923706055,6.46999979019165,3200,ICCC,ImmuCell Corporation - Common Stock
2019-05-17,6.25,6.25,6.21999979019165,6.21999979019165,8200,ICCC,ImmuCell Corporation - Common Stock
2019-05-20,6.150000095367432,6.320000171661377,6.150000095367432,6.309999942779541,7300,ICCC,ImmuCell Corporation - Common Stock
2019-05-21,6.150000095367432,6.150000095367432,6.150000095367432,6.150000095367432,100,ICCC,ImmuCell Corporation - Common Stock
2019-05-22,5.980000019073486,6.260000228881836,5.980000019073486,6.079999923706055,5900,ICCC,ImmuCell Corporation - Common Stock
2019-05-23,5.989999771118164,6.25,5.940000057220459,5.940000057220459,3300,ICCC,ImmuCell Corporation - Common Stock
2019-05-24,6.0,6.25,6.0,6.099999904632568,6400,ICCC,ImmuCell Corporation - Common Stock
2019-05-28,6.0,6.179999828338623,6.0,6.179999828338623,1100,ICCC,ImmuCell Corporation - Common Stock
2019-05-29,6.159999847412109,6.159999847412109,6.159999847412109,6.159999847412109,100,ICCC,ImmuCell Corporation - Common Stock
2019-05-30,6.170000076293945,6.53000020980835,6.039999961853027,6.199999809265137,39700,ICCC,ImmuCell Corporation - Common Stock
2019-05-31,6.170000076293945,6.170000076293945,6.170000076293945,6.170000076293945,100,ICCC,ImmuCell Corporation - Common Stock
2019-06-03,6.289999961853027,6.289999961853027,6.150000095367432,6.150000095367432,400,ICCC,ImmuCell Corporation - Common Stock
2019-06-04,6.400000095367432,6.420000076293945,6.210000038146973,6.420000076293945,15600,ICCC,ImmuCell Corporation - Common Stock
2019-06-05,6.650000095367432,7.050000190734863,6.239999771118164,6.5,23100,ICCC,ImmuCell Corporation - Common Stock
2019-06-06,6.650000095367432,6.849999904632568,6.460000038146973,6.460000038146973,3600,ICCC,ImmuCell Corporation - Common Stock
2019-06-07,6.809999942779541,6.949999809265137,6.650000095367432,6.820000171661377,2100,ICCC,ImmuCell Corporation - Common Stock
2019-06-10,6.840000152587891,6.949999809265137,6.400000095367432,6.860000133514404,17400,ICCC,ImmuCell Corporation - Common Stock
2019-06-11,6.550000190734863,6.849999904632568,6.210000038146973,6.849999904632568,9900,ICCC,ImmuCell Corporation - Common Stock
2019-06-12,6.579999923706055,6.909999847412109,6.400000095367432,6.5,6800,ICCC,ImmuCell Corporation - Common Stock
2019-06-13,6.550000190734863,6.849999904632568,6.5,6.800000190734863,9700,ICCC,ImmuCell Corporation - Common Stock
2019-06-14,6.579999923706055,6.71999979019165,6.5,6.699999809265137,7400,ICCC,ImmuCell Corporation - Common Stock
2019-06-17,6.699999809265137,6.880000114440918,6.480000019073486,6.480000019073486,5400,ICCC,ImmuCell Corporation - Common Stock
2019-06-18,6.650000095367432,6.889999866485596,6.550000190734863,6.769999980926514,11100,ICCC,ImmuCell Corporation - Common Stock
2019-06-19,6.809999942779541,6.900000095367432,6.539999961853027,6.760000228881836,7200,ICCC,ImmuCell Corporation - Common Stock
2019-06-20,6.840000152587891,6.840000152587891,6.599999904632568,6.699999809265137,5300,ICCC,ImmuCell Corporation - Common Stock
2019-06-21,6.860000133514404,6.860000133514404,6.510000228881836,6.860000133514404,10600,ICCC,ImmuCell Corporation - Common Stock
2019-06-24,6.599999904632568,6.710000038146973,6.550000190734863,6.710000038146973,5800,ICCC,ImmuCell Corporation - Common Stock
2019-06-25,6.5,6.699999809265137,6.150000095367432,6.699999809265137,12700,ICCC,ImmuCell Corporation - Common Stock
2019-06-26,6.78000020980835,6.78000020980835,6.5,6.53000020980835,10800,ICCC,ImmuCell Corporation - Common Stock
2019-06-27,6.809999942779541,6.809999942779541,6.5,6.610000133514404,4400,ICCC,ImmuCell Corporation - Common Stock
2019-06-28,6.5,6.699999809265137,6.449999809265137,6.539999961853027,6600,ICCC,ImmuCell Corporation - Common Stock
2019-07-01,6.510000228881836,6.599999904632568,6.329999923706055,6.449999809265137,2500,ICCC,ImmuCell Corporation - Common Stock
2019-07-02,6.429999828338623,6.460000038146973,6.349999904632568,6.400000095367432,3100,ICCC,ImmuCell Corporation - Common Stock
2019-07-03,6.550000190734863,6.849999904632568,6.429999828338623,6.429999828338623,8600,ICCC,ImmuCell Corporation - Common Stock
2019-07-05,6.440000057220459,6.440000057220459,6.440000057220459,6.440000057220459,300,ICCC,ImmuCell Corporation - Common Stock
2019-07-08,6.449999809265137,6.590000152587891,6.400000095367432,6.400000095367432,1900,ICCC,ImmuCell Corporation - Common Stock
2019-07-09,6.420000076293945,6.46999979019165,6.400000095367432,6.449999809265137,1700,ICCC,ImmuCell Corporation - Common Stock
2019-07-10,6.449999809265137,6.840000152587891,6.349999904632568,6.519999980926514,5000,ICCC,ImmuCell Corporation - Common Stock
2019-07-11,6.340000152587891,6.699999809265137,6.25,6.449999809265137,9000,ICCC,ImmuCell Corporation - Common Stock
2019-07-12,6.039999961853027,6.349999904632568,6.039999961853027,6.25,20500,ICCC,ImmuCell Corporation - Common Stock
2019-07-15,6.179999828338623,6.230000019073486,6.090000152587891,6.090000152587891,1500,ICCC,ImmuCell Corporation - Common Stock
2019-07-16,6.300000190734863,6.429999828338623,6.150000095367432,6.28000020980835,2400,ICCC,ImmuCell Corporation - Common Stock
2019-07-17,6.289999961853027,6.289999961853027,6.150000095367432,6.239999771118164,1300,ICCC,ImmuCell Corporation - Common Stock
2019-07-18,6.260000228881836,6.440000057220459,6.050000190734863,6.150000095367432,6700,ICCC,ImmuCell Corporation - Common Stock
2019-07-19,6.150000095367432,6.269999980926514,6.150000095367432,6.25,3400,ICCC,ImmuCell Corporation - Common Stock
2019-07-22,6.110000133514404,6.25,6.059999942779541,6.230000019073486,4300,ICCC,ImmuCell Corporation - Common Stock
2019-07-23,6.099999904632568,6.239999771118164,6.070000171661377,6.199999809265137,1200,ICCC,ImmuCell Corporation - Common Stock
2019-07-24,6.239999771118164,6.239999771118164,6.070000171661377,6.070000171661377,800,ICCC,ImmuCell Corporation - Common Stock
2019-07-25,6.150000095367432,6.25,6.090000152587891,6.25,2100,ICCC,ImmuCell Corporation - Common Stock
2019-07-26,6.090000152587891,6.119999885559082,6.090000152587891,6.119999885559082,1000,ICCC,ImmuCell Corporation - Common Stock
2019-07-29,6.070000171661377,6.25,6.070000171661377,6.150000095367432,1800,ICCC,ImmuCell Corporation - Common Stock
2019-07-30,6.21999979019165,6.25,6.21999979019165,6.25,3900,ICCC,ImmuCell Corporation - Common Stock
2019-07-31,6.019999980926514,6.199999809265137,6.019999980926514,6.070000171661377,4300,ICCC,ImmuCell Corporation - Common Stock
2019-08-01,6.0,6.179999828338623,6.0,6.099999904632568,4100,ICCC,ImmuCell Corporation - Common Stock
2019-08-02,6.019999980926514,6.170000076293945,6.0,6.150000095367432,4200,ICCC,ImmuCell Corporation - Common Stock
2019-08-05,5.800000190734863,6.0,5.75,6.0,8800,ICCC,ImmuCell Corporation - Common Stock
2019-08-06,5.949999809265137,6.050000190734863,5.880000114440918,6.050000190734863,2400,ICCC,ImmuCell Corporation - Common Stock
2019-08-07,5.949999809265137,6.050000190734863,5.949999809265137,6.03000020980835,3200,ICCC,ImmuCell Corporation - Common Stock
2019-08-08,5.809999942779541,6.050000190734863,5.809999942779541,6.0,7000,ICCC,ImmuCell Corporation - Common Stock
2019-08-09,5.920000076293945,6.039999961853027,5.920000076293945,6.039999961853027,800,ICCC,ImmuCell Corporation - Common Stock
2019-08-12,6.019999980926514,6.050000190734863,6.019999980926514,6.050000190734863,3400,ICCC,ImmuCell Corporation - Common Stock
2019-08-13,6.010000228881836,6.050000190734863,5.860000133514404,6.019999980926514,4100,ICCC,ImmuCell Corporation - Common Stock
2019-08-14,5.75,6.03000020980835,5.75,6.03000020980835,5400,ICCC,ImmuCell Corporation - Common Stock
2019-08-15,5.860000133514404,5.860000133514404,5.860000133514404,5.860000133514404,400,ICCC,ImmuCell Corporation - Common Stock
2019-08-16,5.75,5.760000228881836,5.75,5.760000228881836,1100,ICCC,ImmuCell Corporation - Common Stock
2019-08-19,5.960000038146973,5.960000038146973,5.769999980926514,5.800000190734863,600,ICCC,ImmuCell Corporation - Common Stock
2019-08-20,5.889999866485596,5.889999866485596,5.889999866485596,5.889999866485596,100,ICCC,ImmuCell Corporation - Common Stock
2019-08-21,5.800000190734863,5.900000095367432,5.75,5.860000133514404,5100,ICCC,ImmuCell Corporation - Common Stock
2019-08-22,5.800000190734863,5.800000190734863,5.760000228881836,5.760000228881836,1600,ICCC,ImmuCell Corporation - Common Stock
2019-08-23,5.550000190734863,5.75,5.5,5.75,4100,ICCC,ImmuCell Corporation - Common Stock
2019-08-26,5.650000095367432,5.800000190734863,5.300000190734863,5.5,5100,ICCC,ImmuCell Corporation - Common Stock
2019-08-27,5.699999809265137,5.699999809265137,5.599999904632568,5.610000133514404,1500,ICCC,ImmuCell Corporation - Common Stock
2019-08-28,5.610000133514404,5.789999961853027,5.400000095367432,5.5,5800,ICCC,ImmuCell Corporation - Common Stock
2019-08-29,5.579999923706055,5.679999828338623,5.519999980926514,5.53000020980835,4100,ICCC,ImmuCell Corporation - Common Stock
2019-08-30,5.400000095367432,5.619999885559082,5.400000095367432,5.550000190734863,3100,ICCC,ImmuCell Corporation - Common Stock
2019-09-03,5.5,5.699999809265137,5.480000019073486,5.5,4500,ICCC,ImmuCell Corporation - Common Stock
2019-09-04,5.5,5.630000114440918,5.5,5.630000114440918,34900,ICCC,ImmuCell Corporation - Common Stock
2019-09-05,5.480000019073486,5.590000152587891,5.25,5.5,3000,ICCC,ImmuCell Corporation - Common Stock
2019-09-06,5.150000095367432,5.5,5.150000095367432,5.320000171661377,4300,ICCC,ImmuCell Corporation - Common Stock
2019-09-09,5.199999809265137,5.409999847412109,5.159999847412109,5.159999847412109,1900,ICCC,ImmuCell Corporation - Common Stock
2019-09-10,5.25,5.46999979019165,5.25,5.300000190734863,5200,ICCC,ImmuCell Corporation - Common Stock
2019-09-11,5.349999904632568,5.900000095367432,5.349999904632568,5.75,15300,ICCC,ImmuCell Corporation - Common Stock
2019-09-12,5.369999885559082,5.400000095367432,5.300000190734863,5.349999904632568,1100,ICCC,ImmuCell Corporation - Common Stock
2019-09-13,5.75,5.75,5.400000095367432,5.400000095367432,2500,ICCC,ImmuCell Corporation - Common Stock
2019-09-16,5.400000095367432,5.599999904632568,5.400000095367432,5.599999904632568,2300,ICCC,ImmuCell Corporation - Common Stock
2019-09-17,5.449999809265137,5.789999961853027,5.349999904632568,5.349999904632568,17700,ICCC,ImmuCell Corporation - Common Stock
2019-09-18,5.460000038146973,5.630000114440918,5.409999847412109,5.409999847412109,500,ICCC,ImmuCell Corporation - Common Stock
2019-09-19,5.409999847412109,5.75,5.409999847412109,5.539999961853027,1900,ICCC,ImmuCell Corporation - Common Stock
2019-09-20,5.78000020980835,5.78000020980835,5.400000095367432,5.559999942779541,2000,ICCC,ImmuCell Corporation - Common Stock
2019-09-23,5.650000095367432,5.739999771118164,5.440000057220459,5.449999809265137,2700,ICCC,ImmuCell Corporation - Common Stock
2019-09-24,5.25,5.599999904632568,5.25,5.460000038146973,2200,ICCC,ImmuCell Corporation - Common Stock
2019-09-25,5.25,5.420000076293945,5.25,5.300000190734863,3900,ICCC,ImmuCell Corporation - Common Stock
2019-09-26,5.440000057220459,5.570000171661377,5.300000190734863,5.570000171661377,26900,ICCC,ImmuCell Corporation - Common Stock
2019-09-27,5.400000095367432,5.559999942779541,5.400000095367432,5.559999942779541,15500,ICCC,ImmuCell Corporation - Common Stock
2019-09-30,5.570000171661377,5.570000171661377,5.289999961853027,5.389999866485596,4600,ICCC,ImmuCell Corporation - Common Stock
2019-10-01,5.25,5.449999809265137,5.25,5.429999828338623,4800,ICCC,ImmuCell Corporation - Common Stock
2019-10-02,5.199999809265137,5.460000038146973,5.199999809265137,5.25,5500,ICCC,ImmuCell Corporation - Common Stock
2019-10-03,5.300000190734863,5.460000038146973,5.159999847412109,5.329999923706055,3700,ICCC,ImmuCell Corporation - Common Stock
2019-10-04,5.25,5.25,5.25,5.25,400,ICCC,ImmuCell Corporation - Common Stock
2019-10-07,5.099999904632568,5.25,5.099999904632568,5.099999904632568,7600,ICCC,ImmuCell Corporation - Common Stock
2019-10-08,4.880000114440918,5.199999809265137,4.699999809265137,5.099999904632568,70600,ICCC,ImmuCell Corporation - Common Stock
2019-10-09,4.929999828338623,5.269999980926514,4.909999847412109,5.239999771118164,7300,ICCC,ImmuCell Corporation - Common Stock
2019-10-10,5.199999809265137,5.679999828338623,4.889999866485596,5.090000152587891,22700,ICCC,ImmuCell Corporation - Common Stock
2019-10-11,5.099999904632568,5.289999961853027,5.099999904632568,5.289999961853027,900,ICCC,ImmuCell Corporation - Common Stock
2019-10-14,5.099999904632568,5.409999847412109,5.059999942779541,5.059999942779541,12000,ICCC,ImmuCell Corporation - Common Stock
2019-10-15,5.570000171661377,5.570000171661377,5.099999904632568,5.25,3700,ICCC,ImmuCell Corporation - Common Stock
2019-10-16,5.510000228881836,5.610000133514404,5.099999904632568,5.099999904632568,3500,ICCC,ImmuCell Corporation - Common Stock
2019-10-17,5.5,5.690000057220459,5.420000076293945,5.630000114440918,2300,ICCC,ImmuCell Corporation - Common Stock
2019-10-18,5.300000190734863,5.429999828338623,5.300000190734863,5.409999847412109,5300,ICCC,ImmuCell Corporation - Common Stock
2019-10-21,5.300000190734863,5.519999980926514,5.300000190734863,5.309999942779541,4600,ICCC,ImmuCell Corporation - Common Stock
2019-10-22,5.28000020980835,5.409999847412109,5.260000228881836,5.260000228881836,18700,ICCC,ImmuCell Corporation - Common Stock
2019-10-23,5.300000190734863,5.309999942779541,5.179999828338623,5.309999942779541,7000,ICCC,ImmuCell Corporation - Common Stock
2019-10-24,5.309999942779541,5.320000171661377,5.21999979019165,5.300000190734863,4900,ICCC,ImmuCell Corporation - Common Stock
2019-10-25,5.199999809265137,5.239999771118164,5.079999923706055,5.239999771118164,2200,ICCC,ImmuCell Corporation - Common Stock
2019-10-28,5.139999866485596,5.199999809265137,5.139999866485596,5.139999866485596,3100,ICCC,ImmuCell Corporation - Common Stock
2019-10-29,5.300000190734863,5.429999828338623,5.25,5.25,1900,ICCC,ImmuCell Corporation - Common Stock
2019-10-30,5.199999809265137,5.309999942779541,5.199999809265137,5.309999942779541,7600,ICCC,ImmuCell Corporation - Common Stock
2019-10-31,5.159999847412109,5.199999809265137,5.139999866485596,5.139999866485596,7700,ICCC,ImmuCell Corporation - Common Stock
2019-11-01,5.210000038146973,5.309999942779541,5.210000038146973,5.25,4200,ICCC,ImmuCell Corporation - Common Stock
2019-11-04,5.21999979019165,5.400000095367432,5.150000095367432,5.400000095367432,5100,ICCC,ImmuCell Corporation - Common Stock
2019-11-05,5.28000020980835,5.5,5.099999904632568,5.099999904632568,8600,ICCC,ImmuCell Corporation - Common Stock
2019-11-06,5.099999904632568,5.239999771118164,5.099999904632568,5.099999904632568,800,ICCC,ImmuCell Corporation - Common Stock
2019-11-07,5.059999942779541,5.460000038146973,5.059999942779541,5.460000038146973,6000,ICCC,ImmuCell Corporation - Common Stock
2019-11-08,5.099999904632568,5.269999980926514,5.079999923706055,5.159999847412109,4600,ICCC,ImmuCell Corporation - Common Stock
2019-11-11,5.059999942779541,5.239999771118164,4.800000190734863,5.099999904632568,11100,ICCC,ImmuCell Corporation - Common Stock
2019-11-12,5.050000190734863,5.440000057220459,4.960000038146973,5.440000057220459,22300,ICCC,ImmuCell Corporation - Common Stock
2019-11-13,5.050000190734863,5.239999771118164,5.0,5.230000019073486,7400,ICCC,ImmuCell Corporation - Common Stock
2019-11-14,5.0,5.320000171661377,4.96999979019165,4.96999979019165,8100,ICCC,ImmuCell Corporation - Common Stock
2019-11-15,4.900000095367432,5.309999942779541,4.900000095367432,4.900000095367432,4200,ICCC,ImmuCell Corporation - Common Stock
2019-11-18,5.079999923706055,5.199999809265137,4.840000152587891,4.840000152587891,1600,ICCC,ImmuCell Corporation - Common Stock
2019-11-19,4.929999828338623,5.099999904632568,4.900000095367432,4.900000095367432,5800,ICCC,ImmuCell Corporation - Common Stock
2019-11-20,4.920000076293945,5.119999885559082,4.900000095367432,4.900000095367432,4600,ICCC,ImmuCell Corporation - Common Stock
2019-11-21,5.099999904632568,5.139999866485596,5.099999904632568,5.099999904632568,700,ICCC,ImmuCell Corporation - Common Stock
2019-11-22,4.809999942779541,5.340000152587891,4.809999942779541,5.340000152587891,3500,ICCC,ImmuCell Corporation - Common Stock
2019-11-25,4.989999771118164,5.0,4.880000114440918,4.989999771118164,15600,ICCC,ImmuCell Corporation - Common Stock
2019-11-26,5.099999904632568,5.099999904632568,4.96999979019165,5.0,11400,ICCC,ImmuCell Corporation - Common Stock
2019-11-27,5.110000133514404,5.329999923706055,5.0,5.0,13600,ICCC,ImmuCell Corporation - Common Stock
2019-11-29,5.0,5.25,4.980000019073486,5.199999809265137,7800,ICCC,ImmuCell Corporation - Common Stock
2019-12-02,5.079999923706055,5.170000076293945,5.0,5.159999847412109,25500,ICCC,ImmuCell Corporation - Common Stock
2019-12-03,5.190000057220459,5.190000057220459,5.0,5.0,16700,ICCC,ImmuCell Corporation - Common Stock
2019-12-04,5.300000190734863,5.340000152587891,5.070000171661377,5.139999866485596,18000,ICCC,ImmuCell Corporation - Common Stock
2019-12-05,5.300000190734863,5.369999885559082,5.010000228881836,5.019999980926514,24500,ICCC,ImmuCell Corporation - Common Stock
2019-12-06,5.159999847412109,5.300000190734863,5.059999942779541,5.090000152587891,11900,ICCC,ImmuCell Corporation - Common Stock
2019-12-09,5.25,5.340000152587891,5.059999942779541,5.150000095367432,8900,ICCC,ImmuCell Corporation - Common Stock
2019-12-10,5.159999847412109,5.329999923706055,5.099999904632568,5.099999904632568,20100,ICCC,ImmuCell Corporation - Common Stock
2019-12-11,5.179999828338623,5.269999980926514,5.070000171661377,5.099999904632568,20700,ICCC,ImmuCell Corporation - Common Stock
2019-12-12,5.239999771118164,5.340000152587891,5.090000152587891,5.179999828338623,21100,ICCC,ImmuCell Corporation - Common Stock
2019-12-13,5.150000095367432,5.150000095367432,5.110000133514404,5.150000095367432,1900,ICCC,ImmuCell Corporation - Common Stock
2019-12-16,5.400000095367432,5.550000190734863,5.199999809265137,5.210000038146973,73000,ICCC,ImmuCell Corporation - Common Stock
2019-12-17,5.400000095367432,5.519999980926514,5.260000228881836,5.519999980926514,3800,ICCC,ImmuCell Corporation - Common Stock
2019-12-18,5.360000133514404,5.550000190734863,5.25,5.550000190734863,8800,ICCC,ImmuCell Corporation - Common Stock
2019-12-19,5.210000038146973,5.340000152587891,5.210000038146973,5.300000190734863,12200,ICCC,ImmuCell Corporation - Common Stock
2019-12-20,5.150000095367432,5.300000190734863,5.050000190734863,5.260000228881836,16300,ICCC,ImmuCell Corporation - Common Stock
2019-12-23,5.050000190734863,5.28000020980835,5.010000228881836,5.25,13800,ICCC,ImmuCell Corporation - Common Stock
2019-12-24,5.079999923706055,5.099999904632568,5.03000020980835,5.03000020980835,4100,ICCC,ImmuCell Corporation - Common Stock
2019-12-26,4.960000038146973,5.039999961853027,4.909999847412109,5.039999961853027,25600,ICCC,ImmuCell Corporation - Common Stock
2019-12-27,4.900000095367432,4.960000038146973,4.800000190734863,4.929999828338623,42300,ICCC,ImmuCell Corporation - Common Stock
2019-12-30,4.900000095367432,4.949999809265137,4.849999904632568,4.900000095367432,11900,ICCC,ImmuCell Corporation - Common Stock
2019-12-31,5.150000095367432,5.269999980926514,4.940000057220459,4.940000057220459,29400,ICCC,ImmuCell Corporation - Common Stock
2020-01-02,5.150000095367432,5.150000095367432,5.150000095367432,5.150000095367432,0,ICCC,ImmuCell Corporation - Common Stock
2020-01-03,5.090000152587891,5.289999961853027,5.090000152587891,5.289999961853027,3800,ICCC,ImmuCell Corporation - Common Stock
2020-01-06,5.269999980926514,5.320000171661377,5.199999809265137,5.28000020980835,4400,ICCC,ImmuCell Corporation - Common Stock
2020-01-07,5.210000038146973,5.300000190734863,5.090000152587891,5.300000190734863,14100,ICCC,ImmuCell Corporation - Common Stock
2020-01-08,5.199999809265137,5.210000038146973,5.150000095367432,5.210000038146973,4700,ICCC,ImmuCell Corporation - Common Stock
2020-01-09,5.059999942779541,5.139999866485596,5.059999942779541,5.130000114440918,6700,ICCC,ImmuCell Corporation - Common Stock
2020-01-10,5.170000076293945,5.179999828338623,4.980000019073486,5.03000020980835,9900,ICCC,ImmuCell Corporation - Common Stock
2020-01-13,5.03000020980835,5.090000152587891,4.980000019073486,5.050000190734863,5700,ICCC,ImmuCell Corporation - Common Stock
2020-01-14,4.960000038146973,5.119999885559082,4.929999828338623,4.929999828338623,7500,ICCC,ImmuCell Corporation - Common Stock
2020-01-15,5.019999980926514,5.130000114440918,5.019999980926514,5.130000114440918,2300,ICCC,ImmuCell Corporation - Common Stock
2020-01-16,5.03000020980835,5.099999904632568,4.920000076293945,5.059999942779541,10400,ICCC,ImmuCell Corporation - Common Stock
2020-01-17,4.960000038146973,4.96999979019165,4.960000038146973,4.960000038146973,900,ICCC,ImmuCell Corporation - Common Stock
2020-01-21,5.920000076293945,8.130000114440918,5.260000228881836,5.260000228881836,2403000,ICCC,ImmuCell Corporation - Common Stock
2020-01-22,5.25,5.539999961853027,5.150000095367432,5.440000057220459,340300,ICCC,ImmuCell Corporation - Common Stock
2020-01-23,5.190000057220459,5.5,5.130000114440918,5.5,61200,ICCC,ImmuCell Corporation - Common Stock
2020-01-24,5.420000076293945,5.769999980926514,5.050000190734863,5.139999866485596,254000,ICCC,ImmuCell Corporation - Common Stock
2020-01-27,5.349999904632568,5.75,5.230000019073486,5.699999809265137,159600,ICCC,ImmuCell Corporation - Common Stock
2020-01-28,5.150000095367432,5.369999885559082,5.050000190734863,5.28000020980835,92500,ICCC,ImmuCell Corporation - Common Stock
2020-01-29,5.179999828338623,5.369999885559082,5.099999904632568,5.099999904632568,39500,ICCC,ImmuCell Corporation - Common Stock
2020-01-30,5.110000133514404,5.460000038146973,5.099999904632568,5.179999828338623,172600,ICCC,ImmuCell Corporation - Common Stock
2020-01-31,5.360000133514404,5.400000095367432,4.849999904632568,5.210000038146973,106100,ICCC,ImmuCell Corporation - Common Stock
2020-02-03,5.320000171661377,5.369999885559082,5.119999885559082,5.360000133514404,62500,ICCC,ImmuCell Corporation - Common Stock
2020-02-04,5.0,5.260000228881836,4.849999904632568,5.25,104600,ICCC,ImmuCell Corporation - Common Stock
2020-02-05,4.980000019073486,5.079999923706055,4.900000095367432,4.929999828338623,53100,ICCC,ImmuCell Corporation - Common Stock
2020-02-06,4.920000076293945,5.0,4.909999847412109,4.909999847412109,83500,ICCC,ImmuCell Corporation - Common Stock
2020-02-07,4.949999809265137,4.980000019073486,4.820000171661377,4.900000095367432,45300,ICCC,ImmuCell Corporation - Common Stock
2020-02-10,5.090000152587891,5.119999885559082,4.900000095367432,4.980000019073486,24900,ICCC,ImmuCell Corporation - Common Stock
2020-02-11,5.010000228881836,5.099999904632568,4.989999771118164,5.090000152587891,16200,ICCC,ImmuCell Corporation - Common Stock
2020-02-12,5.03000020980835,5.090000152587891,4.949999809265137,4.949999809265137,19400,ICCC,ImmuCell Corporation - Common Stock
2020-02-13,5.150000095367432,5.150000095367432,5.0,5.059999942779541,28200,ICCC,ImmuCell Corporation - Common Stock
2020-02-14,5.079999923706055,5.21999979019165,5.079999923706055,5.199999809265137,8700,ICCC,ImmuCell Corporation - Common Stock
2020-02-18,5.360000133514404,5.369999885559082,5.130000114440918,5.150000095367432,51700,ICCC,ImmuCell Corporation - Common Stock
2020-02-19,5.300000190734863,5.53000020980835,5.119999885559082,5.53000020980835,59800,ICCC,ImmuCell Corporation - Common Stock
2020-02-20,5.199999809265137,5.360000133514404,5.150000095367432,5.199999809265137,24200,ICCC,ImmuCell Corporation - Common Stock
2020-02-21,5.21999979019165,5.269999980926514,5.150000095367432,5.150000095367432,9500,ICCC,ImmuCell Corporation - Common Stock
2020-02-24,5.179999828338623,5.28000020980835,5.019999980926514,5.019999980926514,27000,ICCC,ImmuCell Corporation - Common Stock
2020-02-25,5.079999923706055,5.199999809265137,5.03000020980835,5.179999828338623,53600,ICCC,ImmuCell Corporation - Common Stock
2020-02-26,4.900000095367432,5.25,4.849999904632568,5.25,61000,ICCC,ImmuCell Corporation - Common Stock
2020-02-27,4.869999885559082,5.090000152587891,4.710000038146973,5.0,72400,ICCC,ImmuCell Corporation - Common Stock
2020-02-28,5.75,6.010000228881836,4.980000019073486,5.110000133514404,205000,ICCC,ImmuCell Corporation - Common Stock
2020-03-02,5.170000076293945,5.75,5.119999885559082,5.75,88700,ICCC,ImmuCell Corporation - Common Stock
2020-03-03,5.090000152587891,5.230000019073486,4.949999809265137,5.21999979019165,55600,ICCC,ImmuCell Corporation - Common Stock
2020-03-04,5.039999961853027,5.400000095367432,5.0,5.010000228881836,67900,ICCC,ImmuCell Corporation - Common Stock
2020-03-05,5.0,5.440000057220459,4.920000076293945,5.059999942779541,85800,ICCC,ImmuCell Corporation - Common Stock
2020-03-06,4.980000019073486,5.079999923706055,4.909999847412109,4.960000038146973,23200,ICCC,ImmuCell Corporation - Common Stock
2020-03-09,4.5,4.809999942779541,4.429999828338623,4.809999942779541,43900,ICCC,ImmuCell Corporation - Common Stock
2020-03-10,4.5,4.800000190734863,4.440000057220459,4.480000019073486,41700,ICCC,ImmuCell Corporation - Common Stock
2020-03-11,4.300000190734863,4.389999866485596,4.21999979019165,4.360000133514404,33800,ICCC,ImmuCell Corporation - Common Stock
2020-03-12,3.9800000190734863,4.309999942779541,3.880000114440918,4.309999942779541,68700,ICCC,ImmuCell Corporation - Common Stock
2020-03-13,4.0,4.199999809265137,3.880000114440918,3.880000114440918,19200,ICCC,ImmuCell Corporation - Common Stock
2020-03-16,3.990000009536743,4.210000038146973,3.740000009536743,4.199999809265137,24000,ICCC,ImmuCell Corporation - Common Stock
2020-03-17,4.130000114440918,4.179999828338623,3.859999895095825,3.859999895095825,10600,ICCC,ImmuCell Corporation - Common Stock
2020-03-18,4.070000171661377,4.070000171661377,3.75,4.039999961853027,21900,ICCC,ImmuCell Corporation - Common Stock
2020-03-19,4.53000020980835,4.53000020980835,3.759999990463257,3.7699999809265137,14100,ICCC,ImmuCell Corporation - Common Stock
2020-03-20,5.0,5.199999809265137,4.199999809265137,4.21999979019165,21200,ICCC,ImmuCell Corporation - Common Stock
2020-03-23,4.599999904632568,5.199999809265137,4.289999961853027,5.099999904632568,17700,ICCC,ImmuCell Corporation - Common Stock
2020-03-24,4.480000019073486,4.690000057220459,4.329999923706055,4.329999923706055,12900,ICCC,ImmuCell Corporation - Common Stock
2020-03-25,4.739999771118164,4.929999828338623,4.320000171661377,4.320000171661377,4800,ICCC,ImmuCell Corporation - Common Stock
2020-03-26,4.550000190734863,4.789999961853027,4.380000114440918,4.400000095367432,6800,ICCC,ImmuCell Corporation - Common Stock
2020-03-27,4.489999771118164,4.630000114440918,4.010000228881836,4.21999979019165,3200,ICCC,ImmuCell Corporation - Common Stock
2020-03-30,4.03000020980835,4.5,4.03000020980835,4.25,7300,ICCC,ImmuCell Corporation - Common Stock
2020-03-31,3.7899999618530273,4.150000095367432,3.7899999618530273,4.010000228881836,21100,ICCC,ImmuCell Corporation - Common Stock
2020-04-01,4.340000152587891,4.340000152587891,3.75,3.890000104904175,22000,ICCC,ImmuCell Corporation - Common Stock
2020-04-02,3.950000047683716,4.349999904632568,3.9000000953674316,4.349999904632568,28200,ICCC,ImmuCell Corporation - Common Stock
2020-04-03,4.090000152587891,4.289999961853027,3.950000047683716,4.289999961853027,40100,ICCC,ImmuCell Corporation - Common Stock
2020-04-06,4.0,4.300000190734863,3.700000047683716,4.079999923706055,35600,ICCC,ImmuCell Corporation - Common Stock
2020-04-07,3.990000009536743,4.25,3.7899999618530273,3.950000047683716,17800,ICCC,ImmuCell Corporation - Common Stock
2020-04-08,4.0,4.099999904632568,3.930000066757202,4.0,18100,ICCC,ImmuCell Corporation - Common Stock
2020-04-09,4.190000057220459,4.300000190734863,4.010000228881836,4.039999961853027,9600,ICCC,ImmuCell Corporation - Common Stock
2020-04-13,4.050000190734863,4.340000152587891,4.050000190734863,4.300000190734863,11300,ICCC,ImmuCell Corporation - Common Stock
2020-04-14,4.130000114440918,4.869999885559082,4.099999904632568,4.300000190734863,66900,ICCC,ImmuCell Corporation - Common Stock
2020-04-15,4.25,4.440000057220459,3.9600000381469727,3.9600000381469727,23700,ICCC,ImmuCell Corporation - Common Stock
2020-04-16,4.070000171661377,4.300000190734863,4.019999980926514,4.019999980926514,21400,ICCC,ImmuCell Corporation - Common Stock
2020-04-17,4.159999847412109,4.309999942779541,4.150000095367432,4.190000057220459,23800,ICCC,ImmuCell Corporation - Common Stock
2020-04-20,4.159999847412109,4.300000190734863,4.139999866485596,4.199999809265137,19500,ICCC,ImmuCell Corporation - Common Stock
2020-04-21,4.320000171661377,4.320000171661377,4.150000095367432,4.150000095367432,6100,ICCC,ImmuCell Corporation - Common Stock
2020-04-22,4.449999809265137,4.579999923706055,4.400000095367432,4.420000076293945,7600,ICCC,ImmuCell Corporation - Common Stock
2020-04-23,4.550000190734863,4.739999771118164,4.46999979019165,4.650000095367432,11700,ICCC,ImmuCell Corporation - Common Stock
2020-04-24,4.679999828338623,4.690000057220459,4.449999809265137,4.650000095367432,1600,ICCC,ImmuCell Corporation - Common Stock
2020-04-27,4.599999904632568,4.739999771118164,4.550000190734863,4.550000190734863,15600,ICCC,ImmuCell Corporation - Common Stock
2020-04-28,4.670000076293945,4.679999828338623,4.460000038146973,4.460000038146973,2300,ICCC,ImmuCell Corporation - Common Stock
2020-04-29,4.510000228881836,4.699999809265137,4.480000019073486,4.690000057220459,5000,ICCC,ImmuCell Corporation - Common Stock
2020-04-30,4.570000171661377,4.679999828338623,4.460000038146973,4.650000095367432,5400,ICCC,ImmuCell Corporation - Common Stock
2020-05-01,4.559999942779541,4.699999809265137,4.449999809265137,4.510000228881836,8700,ICCC,ImmuCell Corporation - Common Stock
2020-05-04,4.480000019073486,4.670000076293945,4.480000019073486,4.670000076293945,2100,ICCC,ImmuCell Corporation - Common Stock
2020-05-05,4.599999904632568,4.699999809265137,4.5,4.510000228881836,9600,ICCC,ImmuCell Corporation - Common Stock
2020-05-06,4.510000228881836,4.699999809265137,4.5,4.610000133514404,7800,ICCC,ImmuCell Corporation - Common Stock
2020-05-07,4.199999809265137,4.510000228881836,3.799999952316284,4.510000228881836,68300,ICCC,ImmuCell Corporation - Common Stock
2020-05-08,4.289999961853027,4.349999904632568,4.28000020980835,4.329999923706055,6200,ICCC,ImmuCell Corporation - Common Stock
2020-05-11,4.159999847412109,4.329999923706055,4.110000133514404,4.199999809265137,19800,ICCC,ImmuCell Corporation - Common Stock
2020-05-12,4.28000020980835,4.360000133514404,4.25,4.329999923706055,20500,ICCC,ImmuCell Corporation - Common Stock
2020-05-13,4.110000133514404,4.400000095367432,4.110000133514404,4.360000133514404,5400,ICCC,ImmuCell Corporation - Common Stock
2020-05-14,4.059999942779541,4.349999904632568,3.930000066757202,4.0,17500,ICCC,ImmuCell Corporation - Common Stock
2020-05-15,4.179999828338623,4.329999923706055,3.799999952316284,3.799999952316284,24100,ICCC,ImmuCell Corporation - Common Stock
2020-05-18,4.130000114440918,4.25,4.130000114440918,4.239999771118164,39500,ICCC,ImmuCell Corporation - Common Stock
2020-05-19,4.090000152587891,4.199999809265137,4.050000190734863,4.199999809265137,9600,ICCC,ImmuCell Corporation - Common Stock
2020-05-20,4.150000095367432,4.650000095367432,3.809999942779541,4.130000114440918,299100,ICCC,ImmuCell Corporation - Common Stock
2020-05-21,4.019999980926514,4.119999885559082,4.0,4.059999942779541,20500,ICCC,ImmuCell Corporation - Common Stock
2020-05-22,4.150000095367432,4.210000038146973,4.0,4.099999904632568,262600,ICCC,ImmuCell Corporation - Common Stock
2020-05-26,4.28000020980835,4.300000190734863,4.099999904632568,4.099999904632568,51800,ICCC,ImmuCell Corporation - Common Stock
2020-05-27,4.21999979019165,4.349999904632568,4.119999885559082,4.349999904632568,36100,ICCC,ImmuCell Corporation - Common Stock
2020-05-28,4.289999961853027,4.329999923706055,4.199999809265137,4.199999809265137,18500,ICCC,ImmuCell Corporation - Common Stock
2020-05-29,4.510000228881836,4.510000228881836,4.269999980926514,4.28000020980835,3100,ICCC,ImmuCell Corporation - Common Stock
2020-06-01,4.400000095367432,4.440000057220459,4.300000190734863,4.420000076293945,20800,ICCC,ImmuCell Corporation - Common Stock
2020-06-02,4.460000038146973,4.46999979019165,4.409999847412109,4.409999847412109,3600,ICCC,ImmuCell Corporation - Common Stock
2020-06-03,4.449999809265137,4.699999809265137,4.449999809265137,4.550000190734863,59200,ICCC,ImmuCell Corporation - Common Stock
2020-06-04,4.400000095367432,4.5,4.309999942779541,4.5,11700,ICCC,ImmuCell Corporation - Common Stock
2020-06-05,4.369999885559082,4.380000114440918,4.300000190734863,4.309999942779541,11000,ICCC,ImmuCell Corporation - Common Stock
2020-06-08,4.5,4.5,4.309999942779541,4.309999942779541,14400,ICCC,ImmuCell Corporation - Common Stock
2020-06-09,4.53000020980835,4.550000190734863,4.53000020980835,4.53000020980835,4500,ICCC,ImmuCell Corporation - Common Stock
2020-06-10,4.75,4.880000114440918,4.550000190734863,4.550000190734863,101100,ICCC,ImmuCell Corporation - Common Stock
2020-06-11,4.25,4.639999866485596,4.199999809265137,4.610000133514404,42100,ICCC,ImmuCell Corporation - Common Stock
2020-06-12,4.239999771118164,4.320000171661377,4.230000019073486,4.300000190734863,7100,ICCC,ImmuCell Corporation - Common Stock
2020-06-15,4.300000190734863,4.300000190734863,4.25,4.25,8500,ICCC,ImmuCell Corporation - Common Stock
2020-06-16,4.46999979019165,4.480000019073486,4.369999885559082,4.369999885559082,44900,ICCC,ImmuCell Corporation - Common Stock
2020-06-17,4.670000076293945,4.670000076293945,4.5,4.5,27700,ICCC,ImmuCell Corporation - Common Stock
2020-06-18,4.650000095367432,4.710000038146973,4.650000095367432,4.679999828338623,9400,ICCC,ImmuCell Corporation - Common Stock
2020-06-19,4.489999771118164,4.699999809265137,4.449999809265137,4.650000095367432,10400,ICCC,ImmuCell Corporation - Common Stock
2020-06-22,4.480000019073486,4.510000228881836,4.449999809265137,4.489999771118164,13300,ICCC,ImmuCell Corporation - Common Stock
2020-06-23,4.53000020980835,4.539999961853027,4.53000020980835,4.539999961853027,5000,ICCC,ImmuCell Corporation - Common Stock
2020-06-24,4.440000057220459,4.550000190734863,4.380000114440918,4.550000190734863,13900,ICCC,ImmuCell Corporation - Common Stock
2020-06-25,4.730000019073486,4.760000228881836,4.420000076293945,4.440000057220459,64400,ICCC,ImmuCell Corporation - Common Stock
2020-06-26,4.900000095367432,5.0,4.760000228881836,4.800000190734863,76300,ICCC,ImmuCell Corporation - Common Stock
2020-06-29,4.809999942779541,5.0,4.699999809265137,4.900000095367432,29000,ICCC,ImmuCell Corporation - Common Stock
2020-06-30,4.730000019073486,4.829999923706055,4.730000019073486,4.829999923706055,5500,ICCC,ImmuCell Corporation - Common Stock
2020-07-01,5.349999904632568,5.400000095367432,4.699999809265137,4.75,118000,ICCC,ImmuCell Corporation - Common Stock
2020-07-02,5.269999980926514,5.489999771118164,5.150000095367432,5.400000095367432,15000,ICCC,ImmuCell Corporation - Common Stock
2020-07-06,5.300000190734863,5.349999904632568,5.199999809265137,5.210000038146973,8000,ICCC,ImmuCell Corporation - Common Stock
2020-07-07,5.489999771118164,5.75,5.260000228881836,5.260000228881836,50300,ICCC,ImmuCell Corporation - Common Stock
2020-07-08,5.420000076293945,5.550000190734863,5.300000190734863,5.489999771118164,28600,ICCC,ImmuCell Corporation - Common Stock
2020-07-09,5.480000019073486,5.639999866485596,5.090000152587891,5.090000152587891,7500,ICCC,ImmuCell Corporation - Common Stock
2020-07-10,5.550000190734863,5.570000171661377,5.199999809265137,5.420000076293945,54400,ICCC,ImmuCell Corporation - Common Stock
2020-07-13,6.090000152587891,6.559999942779541,5.420000076293945,5.440000057220459,80400,ICCC,ImmuCell Corporation - Common Stock
2020-07-14,6.090000152587891,6.300000190734863,5.639999866485596,6.230000019073486,8600,ICCC,ImmuCell Corporation - Common Stock
2020-07-15,6.0,6.429999828338623,5.679999828338623,6.429999828338623,23400,ICCC,ImmuCell Corporation - Common Stock
2020-07-16,6.349999904632568,6.429999828338623,5.71999979019165,5.760000228881836,11500,ICCC,ImmuCell Corporation - Common Stock
2020-07-17,6.130000114440918,6.400000095367432,5.889999866485596,6.380000114440918,13800,ICCC,ImmuCell Corporation - Common Stock
2020-07-20,6.159999847412109,6.28000020980835,6.010000228881836,6.159999847412109,7200,ICCC,ImmuCell Corporation - Common Stock
2020-07-21,6.0,6.210000038146973,5.940000057220459,6.210000038146973,23400,ICCC,ImmuCell Corporation - Common Stock
2020-07-22,6.0,6.150000095367432,5.960000038146973,6.070000171661377,2500,ICCC,ImmuCell Corporation - Common Stock
2020-07-23,5.889999866485596,5.989999771118164,5.809999942779541,5.940000057220459,8000,ICCC,ImmuCell Corporation - Common Stock
2020-07-24,5.840000152587891,5.980000019073486,5.800000190734863,5.980000019073486,1000,ICCC,ImmuCell Corporation - Common Stock
2020-07-27,5.75,5.789999961853027,5.559999942779541,5.789999961853027,5300,ICCC,ImmuCell Corporation - Common Stock
2020-07-28,5.71999979019165,5.789999961853027,5.599999904632568,5.789999961853027,6500,ICCC,ImmuCell Corporation - Common Stock
2020-07-29,5.809999942779541,5.920000076293945,5.659999847412109,5.75,3500,ICCC,ImmuCell Corporation - Common Stock
2020-07-30,5.710000038146973,5.849999904632568,5.710000038146973,5.849999904632568,2200,ICCC,ImmuCell Corporation - Common Stock
2020-07-31,4.980000019073486,5.710000038146973,4.980000019073486,5.710000038146973,101000,ICCC,ImmuCell Corporation - Common Stock
2020-08-03,5.5,5.900000095367432,5.349999904632568,5.360000133514404,39000,ICCC,ImmuCell Corporation - Common Stock
2020-08-04,5.610000133514404,5.920000076293945,5.409999847412109,5.5,4200,ICCC,ImmuCell Corporation - Common Stock
2020-08-05,5.670000076293945,5.71999979019165,5.449999809265137,5.710000038146973,3100,ICCC,ImmuCell Corporation - Common Stock
2020-08-06,5.610000133514404,5.699999809265137,5.340000152587891,5.699999809265137,4300,ICCC,ImmuCell Corporation - Common Stock
2020-08-07,5.519999980926514,5.690000057220459,5.369999885559082,5.690000057220459,11200,ICCC,ImmuCell Corporation - Common Stock
2020-08-10,5.699999809265137,5.699999809265137,5.5,5.679999828338623,5000,ICCC,ImmuCell Corporation - Common Stock
2020-08-11,5.789999961853027,5.789999961853027,5.320000171661377,5.510000228881836,10800,ICCC,ImmuCell Corporation - Common Stock
2020-08-12,5.699999809265137,5.840000152587891,5.539999961853027,5.599999904632568,4100,ICCC,ImmuCell Corporation - Common Stock
2020-08-13,5.579999923706055,5.679999828338623,5.320000171661377,5.519999980926514,18300,ICCC,ImmuCell Corporation - Common Stock
2020-08-14,5.619999885559082,5.699999809265137,5.460000038146973,5.460000038146973,6300,ICCC,ImmuCell Corporation - Common Stock
2020-08-17,5.650000095367432,5.650000095367432,5.630000114440918,5.630000114440918,600,ICCC,ImmuCell Corporation - Common Stock
2020-08-18,5.510000228881836,5.650000095367432,5.420000076293945,5.420000076293945,3300,ICCC,ImmuCell Corporation - Common Stock
2020-08-19,5.650000095367432,5.650000095367432,5.429999828338623,5.519999980926514,6400,ICCC,ImmuCell Corporation - Common Stock
2020-08-20,5.599999904632568,5.599999904632568,5.550000190734863,5.550000190734863,900,ICCC,ImmuCell Corporation - Common Stock
2020-08-21,5.579999923706055,5.599999904632568,5.440000057220459,5.570000171661377,5400,ICCC,ImmuCell Corporation - Common Stock
2020-08-24,5.360000133514404,5.590000152587891,5.300000190734863,5.519999980926514,17900,ICCC,ImmuCell Corporation - Common Stock
2020-08-25,5.400000095367432,5.480000019073486,5.309999942779541,5.440000057220459,7700,ICCC,ImmuCell Corporation - Common Stock
2020-08-26,5.320000171661377,5.539999961853027,5.320000171661377,5.519999980926514,3200,ICCC,ImmuCell Corporation - Common Stock
2020-08-27,5.349999904632568,5.429999828338623,5.25,5.389999866485596,13100,ICCC,ImmuCell Corporation - Common Stock
2020-08-28,5.090000152587891,5.320000171661377,5.079999923706055,5.320000171661377,13000,ICCC,ImmuCell Corporation - Common Stock
2020-08-31,5.21999979019165,5.320000171661377,5.150000095367432,5.320000171661377,4600,ICCC,ImmuCell Corporation - Common Stock
2020-09-01,5.420000076293945,5.550000190734863,5.099999904632568,5.210000038146973,15100,ICCC,ImmuCell Corporation - Common Stock
2020-09-02,5.300000190734863,5.320000171661377,5.300000190734863,5.309999942779541,1000,ICCC,ImmuCell Corporation - Common Stock
2020-09-03,5.300000190734863,5.329999923706055,5.28000020980835,5.329999923706055,31600,ICCC,ImmuCell Corporation - Common Stock
2020-09-04,5.320000171661377,5.5,5.25,5.309999942779541,32900,ICCC,ImmuCell Corporation - Common Stock
2020-09-08,5.199999809265137,5.199999809265137,5.119999885559082,5.150000095367432,3100,ICCC,ImmuCell Corporation - Common Stock
2020-09-09,5.230000019073486,5.460000038146973,5.139999866485596,5.159999847412109,7300,ICCC,ImmuCell Corporation - Common Stock
2020-09-10,5.159999847412109,5.5,5.159999847412109,5.46999979019165,2300,ICCC,ImmuCell Corporation - Common Stock
2020-09-11,5.199999809265137,5.480000019073486,5.159999847412109,5.25,3200,ICCC,ImmuCell Corporation - Common Stock
2020-09-14,5.329999923706055,5.480000019073486,5.110000133514404,5.480000019073486,2200,ICCC,ImmuCell Corporation - Common Stock
2020-09-15,5.239999771118164,5.340000152587891,5.190000057220459,5.190000057220459,1000,ICCC,ImmuCell Corporation - Common Stock
2020-09-16,5.289999961853027,5.46999979019165,5.25,5.309999942779541,2300,ICCC,ImmuCell Corporation - Common Stock
2020-09-17,5.260000228881836,5.269999980926514,5.260000228881836,5.269999980926514,600,ICCC,ImmuCell Corporation - Common Stock
2020-09-18,5.650000095367432,5.650000095367432,5.269999980926514,5.269999980926514,25000,ICCC,ImmuCell Corporation - Common Stock
2020-09-21,5.460000038146973,5.639999866485596,5.460000038146973,5.53000020980835,1000,ICCC,ImmuCell Corporation - Common Stock
2020-09-22,5.28000020980835,5.329999923706055,5.28000020980835,5.329999923706055,600,ICCC,ImmuCell Corporation - Common Stock
2020-09-23,5.199999809265137,5.400000095367432,5.190000057220459,5.400000095367432,5200,ICCC,ImmuCell Corporation - Common Stock
2020-09-24,5.340000152587891,5.380000114440918,5.010000228881836,5.130000114440918,3800,ICCC,ImmuCell Corporation - Common Stock
2020-09-25,5.489999771118164,5.489999771118164,5.269999980926514,5.320000171661377,16200,ICCC,ImmuCell Corporation - Common Stock
2020-09-28,5.650000095367432,5.650000095367432,5.650000095367432,5.650000095367432,700,ICCC,ImmuCell Corporation - Common Stock
2020-09-29,5.480000019073486,5.579999923706055,5.449999809265137,5.449999809265137,2900,ICCC,ImmuCell Corporation - Common Stock
2020-09-30,5.429999828338623,5.650000095367432,5.329999923706055,5.329999923706055,1000,ICCC,ImmuCell Corporation - Common Stock
2020-10-01,5.550000190734863,5.650000095367432,5.53000020980835,5.650000095367432,2600,ICCC,ImmuCell Corporation - Common Stock
2020-10-02,5.46999979019165,5.650000095367432,5.46999979019165,5.650000095367432,3700,ICCC,ImmuCell Corporation - Common Stock
2020-10-05,5.550000190734863,5.639999866485596,5.460000038146973,5.53000020980835,3000,ICCC,ImmuCell Corporation - Common Stock
2020-10-06,5.639999866485596,5.909999847412109,5.489999771118164,5.599999904632568,20800,ICCC,ImmuCell Corporation - Common Stock
2020-10-07,5.699999809265137,5.760000228881836,5.639999866485596,5.760000228881836,4800,ICCC,ImmuCell Corporation - Common Stock
2020-10-08,5.619999885559082,5.78000020980835,5.570000171661377,5.570000171661377,5300,ICCC,ImmuCell Corporation - Common Stock
2020-10-09,5.699999809265137,5.880000114440918,5.46999979019165,5.46999979019165,3100,ICCC,ImmuCell Corporation - Common Stock
2020-10-12,5.809999942779541,5.900000095367432,5.349999904632568,5.849999904632568,18600,ICCC,ImmuCell Corporation - Common Stock
2020-10-13,6.070000171661377,6.389999866485596,5.880000114440918,5.900000095367432,66100,ICCC,ImmuCell Corporation - Common Stock
2020-10-14,5.619999885559082,6.070000171661377,5.619999885559082,6.050000190734863,15700,ICCC,ImmuCell Corporation - Common Stock
2020-10-15,5.639999866485596,6.019999980926514,5.639999866485596,5.78000020980835,5800,ICCC,ImmuCell Corporation - Common Stock
2020-10-16,5.71999979019165,5.860000133514404,5.579999923706055,5.739999771118164,3500,ICCC,ImmuCell Corporation - Common Stock
2020-10-19,5.940000057220459,6.050000190734863,5.829999923706055,5.829999923706055,26000,ICCC,ImmuCell Corporation - Common Stock
2020-10-20,5.929999828338623,6.070000171661377,5.849999904632568,6.039999961853027,8000,ICCC,ImmuCell Corporation - Common Stock
2020-10-21,5.769999980926514,5.940000057220459,5.75,5.940000057220459,4000,ICCC,ImmuCell Corporation - Common Stock
2020-10-22,5.679999828338623,5.860000133514404,5.639999866485596,5.860000133514404,11500,ICCC,ImmuCell Corporation - Common Stock
2020-10-23,5.699999809265137,5.960000038146973,5.699999809265137,5.699999809265137,1100,ICCC,ImmuCell Corporation - Common Stock
2020-10-26,5.650000095367432,5.800000190734863,5.550000190734863,5.760000228881836,3100,ICCC,ImmuCell Corporation - Common Stock
2020-10-27,5.389999866485596,5.699999809265137,5.389999866485596,5.699999809265137,6700,ICCC,ImmuCell Corporation - Common Stock
2020-10-28,5.210000038146973,5.340000152587891,5.210000038146973,5.25,2900,ICCC,ImmuCell Corporation - Common Stock
2020-10-29,5.210000038146973,5.269999980926514,5.210000038146973,5.210000038146973,5000,ICCC,ImmuCell Corporation - Common Stock
2020-10-30,5.309999942779541,5.539999961853027,5.210000038146973,5.210000038146973,9000,ICCC,ImmuCell Corporation - Common Stock
2020-11-02,5.210000038146973,5.25,5.210000038146973,5.25,2700,ICCC,ImmuCell Corporation - Common Stock
2020-11-03,5.329999923706055,5.400000095367432,5.309999942779541,5.329999923706055,1000,ICCC,ImmuCell Corporation - Common Stock
2020-11-04,5.730000019073486,5.989999771118164,5.400000095367432,5.75,7300,ICCC,ImmuCell Corporation - Common Stock
2020-11-05,5.860000133514404,6.019999980926514,5.75,5.75,29500,ICCC,ImmuCell Corporation - Common Stock
2020-11-06,5.5,5.670000076293945,5.300000190734863,5.300000190734863,12000,ICCC,ImmuCell Corporation - Common Stock
2020-11-09,5.639999866485596,5.730000019073486,5.5,5.559999942779541,16800,ICCC,ImmuCell Corporation - Common Stock
2020-11-10,5.46999979019165,5.679999828338623,5.360000133514404,5.610000133514404,7100,ICCC,ImmuCell Corporation - Common Stock
2020-11-11,5.630000114440918,5.630000114440918,5.46999979019165,5.46999979019165,3900,ICCC,ImmuCell Corporation - Common Stock
2020-11-12,5.679999828338623,5.679999828338623,5.619999885559082,5.619999885559082,800,ICCC,ImmuCell Corporation - Common Stock
2020-11-13,5.75,5.800000190734863,5.380000114440918,5.760000228881836,12100,ICCC,ImmuCell Corporation - Common Stock
2020-11-16,5.619999885559082,5.75,5.599999904632568,5.599999904632568,2700,ICCC,ImmuCell Corporation - Common Stock
2020-11-17,5.610000133514404,5.610000133514404,5.460000038146973,5.539999961853027,2600,ICCC,ImmuCell Corporation - Common Stock
2020-11-18,5.599999904632568,5.610000133514404,5.53000020980835,5.610000133514404,1400,ICCC,ImmuCell Corporation - Common Stock
2020-11-19,5.710000038146973,5.730000019073486,5.489999771118164,5.510000228881836,4600,ICCC,ImmuCell Corporation - Common Stock
2020-11-20,5.630000114440918,5.630000114440918,5.5,5.610000133514404,5300,ICCC,ImmuCell Corporation - Common Stock
2020-11-23,5.639999866485596,5.639999866485596,5.5,5.590000152587891,6600,ICCC,ImmuCell Corporation - Common Stock
2020-11-24,5.610000133514404,5.679999828338623,5.409999847412109,5.409999847412109,2200,ICCC,ImmuCell Corporation - Common Stock
2020-11-25,5.840000152587891,5.840000152587891,5.639999866485596,5.650000095367432,2400,ICCC,ImmuCell Corporation - Common Stock
2020-11-27,6.0,6.099999904632568,5.730000019073486,5.769999980926514,43400,ICCC,ImmuCell Corporation - Common Stock
2020-11-30,6.230000019073486,6.570000171661377,5.75,6.079999923706055,40500,ICCC,ImmuCell Corporation - Common Stock
2020-12-01,5.960000038146973,6.199999809265137,5.900000095367432,6.070000171661377,19100,ICCC,ImmuCell Corporation - Common Stock
2020-12-02,6.0,6.099999904632568,5.849999904632568,5.900000095367432,15300,ICCC,ImmuCell Corporation - Common Stock
2020-12-03,5.769999980926514,5.880000114440918,5.739999771118164,5.820000171661377,6300,ICCC,ImmuCell Corporation - Common Stock
2020-12-04,6.050000190734863,6.050000190734863,5.849999904632568,5.849999904632568,500,ICCC,ImmuCell Corporation - Common Stock
2020-12-07,5.989999771118164,6.409999847412109,5.769999980926514,5.829999923706055,9700,ICCC,ImmuCell Corporation - Common Stock
2020-12-08,6.170000076293945,6.170000076293945,5.940000057220459,5.940000057220459,800,ICCC,ImmuCell Corporation - Common Stock
2020-12-09,6.059999942779541,6.170000076293945,6.050000190734863,6.050000190734863,900,ICCC,ImmuCell Corporation - Common Stock
2020-12-10,6.059999942779541,6.199999809265137,5.989999771118164,6.059999942779541,9600,ICCC,ImmuCell Corporation - Common Stock
2020-12-11,6.199999809265137,6.199999809265137,6.03000020980835,6.03000020980835,1800,ICCC,ImmuCell Corporation - Common Stock
2020-12-14,6.389999866485596,6.389999866485596,6.159999847412109,6.199999809265137,4000,ICCC,ImmuCell Corporation - Common Stock
2020-12-15,6.309999942779541,6.510000228881836,5.929999828338623,5.929999828338623,7900,ICCC,ImmuCell Corporation - Common Stock
2020-12-16,6.239999771118164,6.380000114440918,5.96999979019165,6.21999979019165,5000,ICCC,ImmuCell Corporation - Common Stock
2020-12-17,6.369999885559082,6.369999885559082,6.199999809265137,6.199999809265137,2600,ICCC,ImmuCell Corporation - Common Stock
2020-12-18,6.230000019073486,6.349999904632568,6.199999809265137,6.199999809265137,7300,ICCC,ImmuCell Corporation - Common Stock
2020-12-21,6.420000076293945,6.449999809265137,5.960000038146973,6.179999828338623,2800,ICCC,ImmuCell Corporation - Common Stock
2020-12-22,6.329999923706055,6.400000095367432,6.019999980926514,6.389999866485596,4600,ICCC,ImmuCell Corporation - Common Stock
2020-12-23,6.179999828338623,6.360000133514404,6.130000114440918,6.360000133514404,2800,ICCC,ImmuCell Corporation - Common Stock
2020-12-24,6.25,6.25,6.230000019073486,6.230000019073486,500,ICCC,ImmuCell Corporation - Common Stock
2020-12-28,6.380000114440918,6.389999866485596,6.25,6.25,3100,ICCC,ImmuCell Corporation - Common Stock
2020-12-29,6.25,6.25,6.070000171661377,6.25,3200,ICCC,ImmuCell Corporation - Common Stock
2020-12-30,5.989999771118164,6.099999904632568,5.670000076293945,6.099999904632568,25000,ICCC,ImmuCell Corporation - Common Stock
2020-12-31,5.949999809265137,6.0,5.949999809265137,5.989999771118164,1600,ICCC,ImmuCell Corporation - Common Stock
2021-01-04,6.099999904632568,6.099999904632568,5.730000019073486,5.75,2200,ICCC,ImmuCell Corporation - Common Stock
2021-01-05,6.019999980926514,6.050000190734863,5.980000019073486,6.050000190734863,6300,ICCC,ImmuCell Corporation - Common Stock
2021-01-06,5.980000019073486,6.090000152587891,5.980000019073486,6.070000171661377,7300,ICCC,ImmuCell Corporation - Common Stock
2021-01-07,6.269999980926514,6.630000114440918,6.0,6.079999923706055,59500,ICCC,ImmuCell Corporation - Common Stock
2021-01-08,6.230000019073486,6.389999866485596,6.059999942779541,6.25,5600,ICCC,ImmuCell Corporation - Common Stock
2021-01-11,6.110000133514404,6.130000114440918,6.110000133514404,6.130000114440918,300,ICCC,ImmuCell Corporation - Common Stock
2021-01-12,6.269999980926514,6.349999904632568,6.170000076293945,6.170000076293945,8500,ICCC,ImmuCell Corporation - Common Stock
2021-01-13,6.260000228881836,6.349999904632568,6.260000228881836,6.349999904632568,1600,ICCC,ImmuCell Corporation - Common Stock
2021-01-14,6.300000190734863,6.340000152587891,6.079999923706055,6.230000019073486,6500,ICCC,ImmuCell Corporation - Common Stock
2021-01-15,6.260000228881836,6.289999961853027,6.260000228881836,6.289999961853027,1100,ICCC,ImmuCell Corporation - Common Stock
2021-01-19,6.650000095367432,7.289999961853027,6.309999942779541,6.340000152587891,79100,ICCC,ImmuCell Corporation - Common Stock
2021-01-20,6.949999809265137,7.389999866485596,6.789999961853027,6.789999961853027,115000,ICCC,ImmuCell Corporation - Common Stock
2021-01-21,7.139999866485596,7.28000020980835,6.980000019073486,7.0,20100,ICCC,ImmuCell Corporation - Common Stock
2021-01-22,7.25,7.300000190734863,6.699999809265137,7.050000190734863,27300,ICCC,ImmuCell Corporation - Common Stock
2021-01-25,7.0,7.300000190734863,6.849999904632568,7.25,8200,ICCC,ImmuCell Corporation - Common Stock
2021-01-26,7.53000020980835,7.679999828338623,6.940000057220459,7.179999828338623,83500,ICCC,ImmuCell Corporation - Common Stock
2021-01-27,7.449999809265137,7.690000057220459,7.110000133514404,7.309999942779541,23500,ICCC,ImmuCell Corporation - Common Stock
2021-01-28,7.440000057220459,7.5,7.210000038146973,7.449999809265137,14800,ICCC,ImmuCell Corporation - Common Stock
2021-01-29,9.350000381469727,13.199999809265137,7.449999809265137,7.610000133514404,550900,ICCC,ImmuCell Corporation - Common Stock
2021-02-01,9.960000038146973,10.5,9.600000381469727,9.949999809265137,316100,ICCC,ImmuCell Corporation - Common Stock
2021-02-02,10.789999961853027,10.930000305175781,10.100000381469727,10.3100004196167,220900,ICCC,ImmuCell Corporation - Common Stock
2021-02-03,10.979999542236328,11.5,10.800000190734863,11.0,151300,ICCC,ImmuCell Corporation - Common Stock
2021-02-04,10.15999984741211,11.350000381469727,10.020000457763672,11.229999542236328,136700,ICCC,ImmuCell Corporation - Common Stock
2021-02-05,11.020000457763672,11.149999618530273,10.25,10.399999618530273,97200,ICCC,ImmuCell Corporation - Common Stock
2021-02-08,11.199999809265137,11.5,11.079999923706055,11.40999984741211,86100,ICCC,ImmuCell Corporation - Common Stock
2021-02-09,11.239999771118164,11.449999809265137,10.90999984741211,11.319999694824219,51000,ICCC,ImmuCell Corporation - Common Stock
2021-02-10,11.399999618530273,11.9399995803833,11.220000267028809,11.390000343322754,77600,ICCC,ImmuCell Corporation - Common Stock
2021-02-11,11.270000457763672,11.569999694824219,11.199999809265137,11.569999694824219,22700,ICCC,ImmuCell Corporation - Common Stock
2021-02-12,10.920000076293945,11.550000190734863,10.579999923706055,11.3100004196167,62800,ICCC,ImmuCell Corporation - Common Stock
2021-02-16,11.029999732971191,11.640000343322754,10.84000015258789,11.25,66300,ICCC,ImmuCell Corporation - Common Stock
2021-02-17,11.029999732971191,11.319999694824219,11.020000457763672,11.119999885559082,30000,ICCC,ImmuCell Corporation - Common Stock
2021-02-18,11.420000076293945,11.770000457763672,11.25,11.329999923706055,42000,ICCC,ImmuCell Corporation - Common Stock
2021-02-19,11.880000114440918,12.09000015258789,11.430000305175781,11.5,61200,ICCC,ImmuCell Corporation - Common Stock
2021-02-22,11.739999771118164,12.0600004196167,11.5,11.699999809265137,48100,ICCC,ImmuCell Corporation - Common Stock
2021-02-23,10.329999923706055,11.350000381469727,10.0,11.289999961853027,112200,ICCC,ImmuCell Corporation - Common Stock
2021-02-24,11.539999961853027,12.020000457763672,10.460000038146973,10.539999961853027,54300,ICCC,ImmuCell Corporation - Common Stock
2021-02-25,10.640000343322754,11.84000015258789,10.569999694824219,11.710000038146973,38200,ICCC,ImmuCell Corporation - Common Stock
2021-02-26,10.520000457763672,11.800000190734863,10.390000343322754,10.729999542236328,21500,ICCC,ImmuCell Corporation - Common Stock
2021-03-01,11.430000305175781,11.600000381469727,10.850000381469727,10.949999809265137,32700,ICCC,ImmuCell Corporation - Common Stock
2021-03-02,10.949999809265137,11.489999771118164,10.880000114440918,11.350000381469727,21700,ICCC,ImmuCell Corporation - Common Stock
2021-03-03,10.3100004196167,11.25,10.100000381469727,11.239999771118164,34300,ICCC,ImmuCell Corporation - Common Stock
2021-03-04,9.350000381469727,10.350000381469727,9.350000381469727,10.260000228881836,47100,ICCC,ImmuCell Corporation - Common Stock
2021-03-05,9.079999923706055,10.029999732971191,8.699999809265137,9.5,62000,ICCC,ImmuCell Corporation - Common Stock
2021-03-08,9.239999771118164,9.380000114440918,9.0,9.079999923706055,23000,ICCC,ImmuCell Corporation - Common Stock
2021-03-09,9.670000076293945,10.140000343322754,9.010000228881836,9.100000381469727,21000,ICCC,ImmuCell Corporation - Common Stock
2021-03-10,10.550000190734863,10.550000190734863,10.100000381469727,10.109999656677246,10200,ICCC,ImmuCell Corporation - Common Stock
2021-03-11,10.4399995803833,10.989999771118164,10.199999809265137,10.899999618530273,17600,ICCC,ImmuCell Corporation - Common Stock
2021-03-12,10.770000457763672,10.770000457763672,10.220000267028809,10.399999618530273,11400,ICCC,ImmuCell Corporation - Common Stock
2021-03-15,10.5,10.930000305175781,10.25,10.930000305175781,9300,ICCC,ImmuCell Corporation - Common Stock
2021-03-16,10.180000305175781,10.449999809265137,10.0,10.449999809265137,14800,ICCC,ImmuCell Corporation - Common Stock
2021-03-17,10.289999961853027,10.319999694824219,9.890000343322754,10.15999984741211,16300,ICCC,ImmuCell Corporation - Common Stock
2021-03-18,10.430000305175781,10.65999984741211,10.170000076293945,10.289999961853027,9600,ICCC,ImmuCell Corporation - Common Stock
2021-03-19,11.15999984741211,11.25,10.1899995803833,10.34000015258789,40700,ICCC,ImmuCell Corporation - Common Stock
2021-03-22,11.3100004196167,11.5,10.720000267028809,11.25,51600,ICCC,ImmuCell Corporation - Common Stock
2021-03-23,10.619999885559082,11.399999618530273,10.600000381469727,11.3100004196167,14000,ICCC,ImmuCell Corporation - Common Stock
2021-03-24,10.430000305175781,11.050000190734863,10.069999694824219,10.65999984741211,17200,ICCC,ImmuCell Corporation - Common Stock
2021-03-25,9.75,10.109999656677246,9.6899995803833,10.109999656677246,17100,ICCC,ImmuCell Corporation - Common Stock
2021-03-26,9.760000228881836,10.170000076293945,9.5,9.5600004196167,13300,ICCC,ImmuCell Corporation - Common Stock
2021-03-29,9.260000228881836,9.75,9.260000228881836,9.75,7400,ICCC,ImmuCell Corporation - Common Stock
2021-03-30,9.350000381469727,9.460000038146973,9.329999923706055,9.329999923706055,6300,ICCC,ImmuCell Corporation - Common Stock
2021-03-31,9.640000343322754,9.710000038146973,9.359999656677246,9.359999656677246,7600,ICCC,ImmuCell Corporation - Common Stock
2021-04-01,9.899999618530273,9.989999771118164,9.729999542236328,9.75,6100,ICCC,ImmuCell Corporation - Common Stock
2021-04-05,9.699999809265137,9.979999542236328,9.59000015258789,9.979999542236328,14000,ICCC,ImmuCell Corporation - Common Stock
2021-04-06,9.800000190734863,9.899999618530273,9.720000267028809,9.8100004196167,5700,ICCC,ImmuCell Corporation - Common Stock
2021-04-07,9.779999732971191,9.859999656677246,9.699999809265137,9.699999809265137,3900,ICCC,ImmuCell Corporation - Common Stock
2021-04-08,9.75,9.890000343322754,9.699999809265137,9.699999809265137,6600,ICCC,ImmuCell Corporation - Common Stock
2021-04-09,9.729999542236328,9.729999542236328,9.609999656677246,9.630000114440918,3400,ICCC,ImmuCell Corporation - Common Stock
2021-04-12,8.979999542236328,9.720000267028809,8.979999542236328,9.720000267028809,13300,ICCC,ImmuCell Corporation - Common Stock
2021-04-13,9.050000190734863,9.25,8.510000228881836,9.0,20400,ICCC,ImmuCell Corporation - Common Stock
2021-04-14,9.260000228881836,9.600000381469727,9.029999732971191,9.029999732971191,2600,ICCC,ImmuCell Corporation - Common Stock
2021-04-15,9.289999961853027,9.479999542236328,8.699999809265137,9.100000381469727,25700,ICCC,ImmuCell Corporation - Common Stock
2021-04-16,9.010000228881836,9.239999771118164,9.010000228881836,9.239999771118164,12400,ICCC,ImmuCell Corporation - Common Stock
2021-04-19,8.5,8.739999771118164,8.5,8.739999771118164,17700,ICCC,ImmuCell Corporation - Common Stock
2021-04-20,8.649999618530273,8.789999961853027,8.479999542236328,8.479999542236328,22500,ICCC,ImmuCell Corporation - Common Stock
2021-04-21,10.010000228881836,10.210000038146973,8.729999542236328,8.729999542236328,23400,ICCC,ImmuCell Corporation - Common Stock
2021-04-22,10.430000305175781,11.0,9.9399995803833,9.9399995803833,22600,ICCC,ImmuCell Corporation - Common Stock
2021-04-23,10.649999618530273,10.920000076293945,10.020000457763672,10.430000305175781,8700,ICCC,ImmuCell Corporation - Common Stock
2021-04-26,10.539999961853027,10.649999618530273,10.15999984741211,10.369999885559082,15500,ICCC,ImmuCell Corporation - Common Stock
2021-04-27,10.300000190734863,10.489999771118164,10.170000076293945,10.449999809265137,4800,ICCC,ImmuCell Corporation - Common Stock
2021-04-28,10.600000381469727,10.600000381469727,10.0600004196167,10.210000038146973,9900,ICCC,ImmuCell Corporation - Common Stock
2021-04-29,10.210000038146973,10.829999923706055,10.210000038146973,10.5600004196167,34300,ICCC,ImmuCell Corporation - Common Stock
2021-04-30,10.949999809265137,10.979999542236328,10.100000381469727,10.100000381469727,25800,ICCC,ImmuCell Corporation - Common Stock
2021-05-03,10.430000305175781,11.0600004196167,10.210000038146973,11.0,14300,ICCC,ImmuCell Corporation - Common Stock
2021-05-04,10.119999885559082,10.609999656677246,10.0600004196167,10.25,10000,ICCC,ImmuCell Corporation - Common Stock
2021-05-05,10.199999809265137,10.449999809265137,10.0,10.289999961853027,6000,ICCC,ImmuCell Corporation - Common Stock
2021-05-06,9.869999885559082,10.149999618530273,9.609999656677246,10.0,10700,ICCC,ImmuCell Corporation - Common Stock
2021-05-07,10.0,10.539999961853027,9.399999618530273,9.579999923706055,5100,ICCC,ImmuCell Corporation - Common Stock
2021-05-10,9.470000267028809,10.050000190734863,9.40999984741211,9.4399995803833,15700,ICCC,ImmuCell Corporation - Common Stock
2021-05-11,9.399999618530273,9.470000267028809,9.119999885559082,9.130000114440918,8000,ICCC,ImmuCell Corporation - Common Stock
2021-05-12,9.359999656677246,10.039999961853027,9.3100004196167,9.630000114440918,32900,ICCC,ImmuCell Corporation - Common Stock
2021-05-13,9.210000038146973,9.600000381469727,9.039999961853027,9.199999809265137,34100,ICCC,ImmuCell Corporation - Common Stock
2021-05-14,9.649999618530273,9.90999984741211,9.100000381469727,9.100000381469727,17900,ICCC,ImmuCell Corporation - Common Stock
2021-05-17,9.890000343322754,10.029999732971191,9.100000381469727,9.760000228881836,66100,ICCC,ImmuCell Corporation - Common Stock
2021-05-18,9.399999618530273,9.90999984741211,9.319999694824219,9.90999984741211,15000,ICCC,ImmuCell Corporation - Common Stock
2021-05-19,9.75,10.0,9.34000015258789,9.34000015258789,5300,ICCC,ImmuCell Corporation - Common Stock
2021-05-20,9.640000343322754,10.069999694824219,9.40999984741211,9.890000343322754,1200,ICCC,ImmuCell Corporation - Common Stock
2021-05-21,9.739999771118164,9.90999984741211,9.609999656677246,9.890000343322754,5100,ICCC,ImmuCell Corporation - Common Stock
2021-05-24,9.829999923706055,9.899999618530273,9.65999984741211,9.890000343322754,3700,ICCC,ImmuCell Corporation - Common Stock
2021-05-25,9.550000190734863,9.880000114440918,9.329999923706055,9.819999694824219,7500,ICCC,ImmuCell Corporation - Common Stock
2021-05-26,9.5,9.569999694824219,9.5,9.5600004196167,1600,ICCC,ImmuCell Corporation - Common Stock
2021-05-27,9.670000076293945,9.880000114440918,9.630000114440918,9.800000190734863,4400,ICCC,ImmuCell Corporation - Common Stock
2021-05-28,9.770000457763672,9.850000381469727,9.649999618530273,9.670000076293945,8200,ICCC,ImmuCell Corporation - Common Stock
2021-06-01,9.470000267028809,9.710000038146973,9.0600004196167,9.710000038146973,9700,ICCC,ImmuCell Corporation - Common Stock
2021-06-02,9.369999885559082,9.579999923706055,9.210000038146973,9.210000038146973,4300,ICCC,ImmuCell Corporation - Common Stock
2021-06-03,9.520000457763672,9.6899995803833,9.220000267028809,9.25,4400,ICCC,ImmuCell Corporation - Common Stock
2021-06-04,9.399999618530273,9.720000267028809,9.399999618530273,9.520000457763672,4000,ICCC,ImmuCell Corporation - Common Stock
2021-06-07,9.609999656677246,9.609999656677246,9.260000228881836,9.399999618530273,6100,ICCC,ImmuCell Corporation - Common Stock
2021-06-08,9.779999732971191,10.100000381469727,9.380000114440918,9.720000267028809,39500,ICCC,ImmuCell Corporation - Common Stock
2021-06-09,9.75,9.90999984741211,9.75,9.899999618530273,1700,ICCC,ImmuCell Corporation - Common Stock
2021-06-10,10.390000343322754,10.529999732971191,9.760000228881836,9.760000228881836,25800,ICCC,ImmuCell Corporation - Common Stock
2021-06-11,10.319999694824219,10.65999984741211,10.210000038146973,10.529999732971191,7200,ICCC,ImmuCell Corporation - Common Stock
2021-06-14,10.020000457763672,10.949999809265137,10.0,10.949999809265137,16000,ICCC,ImmuCell Corporation - Common Stock
2021-06-15,9.84000015258789,10.479999542236328,9.84000015258789,10.479999542236328,6600,ICCC,ImmuCell Corporation - Common Stock
2021-06-16,10.3100004196167,10.359999656677246,10.0,10.25,21700,ICCC,ImmuCell Corporation - Common Stock
2021-06-17,10.039999961853027,10.760000228881836,10.010000228881836,10.390000343322754,15400,ICCC,ImmuCell Corporation - Common Stock
2021-06-18,9.720000267028809,10.180000305175781,9.720000267028809,10.170000076293945,7300,ICCC,ImmuCell Corporation - Common Stock
2021-06-21,9.819999694824219,9.90999984741211,9.739999771118164,9.819999694824219,3000,ICCC,ImmuCell Corporation - Common Stock
2021-06-22,9.829999923706055,9.880000114440918,9.529999732971191,9.710000038146973,5900,ICCC,ImmuCell Corporation - Common Stock
2021-06-23,9.989999771118164,10.319999694824219,9.850000381469727,10.319999694824219,3600,ICCC,ImmuCell Corporation - Common Stock
2021-06-24,9.979999542236328,10.09000015258789,9.949999809265137,9.949999809265137,2900,ICCC,ImmuCell Corporation - Common Stock
2021-06-25,9.0,10.260000228881836,9.0,9.930000305175781,24100,ICCC,ImmuCell Corporation - Common Stock
2021-06-28,9.460000038146973,9.739999771118164,9.359999656677246,9.359999656677246,5600,ICCC,ImmuCell Corporation - Common Stock
2021-06-29,9.720000267028809,9.890000343322754,9.609999656677246,9.609999656677246,3500,ICCC,ImmuCell Corporation - Common Stock
2021-06-30,9.5,9.649999618530273,9.5,9.5,4700,ICCC,ImmuCell Corporation - Common Stock
2021-07-01,9.3100004196167,9.699999809265137,9.119999885559082,9.350000381469727,30700,ICCC,ImmuCell Corporation - Common Stock
2021-07-02,9.630000114440918,10.109999656677246,9.270000457763672,9.399999618530273,42700,ICCC,ImmuCell Corporation - Common Stock
2021-07-06,9.649999618530273,9.970000267028809,9.319999694824219,9.319999694824219,12000,ICCC,ImmuCell Corporation - Common Stock
2021-07-07,10.0,10.010000228881836,9.850000381469727,9.850000381469727,3500,ICCC,ImmuCell Corporation - Common Stock
2021-07-08,9.930000305175781,10.020000457763672,9.529999732971191,9.529999732971191,3000,ICCC,ImmuCell Corporation - Common Stock
2021-07-09,9.90999984741211,9.90999984741211,9.670000076293945,9.710000038146973,4500,ICCC,ImmuCell Corporation - Common Stock
2021-07-12,9.770000457763672,10.270000457763672,9.770000457763672,9.989999771118164,10600,ICCC,ImmuCell Corporation - Common Stock
2021-07-13,9.8100004196167,9.949999809265137,9.8100004196167,9.949999809265137,600,ICCC,ImmuCell Corporation - Common Stock
2021-07-14,9.40999984741211,10.140000343322754,9.15999984741211,9.84000015258789,64000,ICCC,ImmuCell Corporation - Common Stock
2021-07-15,9.0,9.850000381469727,8.5,9.119999885559082,99700,ICCC,ImmuCell Corporation - Common Stock
2021-07-16,9.119999885559082,9.470000267028809,8.430000305175781,9.369999885559082,67900,ICCC,ImmuCell Corporation - Common Stock
2021-07-19,9.5,9.9399995803833,8.890000343322754,9.229999542236328,9900,ICCC,ImmuCell Corporation - Common Stock
2021-07-20,9.899999618530273,10.0600004196167,8.619999885559082,9.699999809265137,82000,ICCC,ImmuCell Corporation - Common Stock
2021-07-21,10.050000190734863,10.170000076293945,9.59000015258789,10.020000457763672,8600,ICCC,ImmuCell Corporation - Common Stock
2021-07-22,9.739999771118164,10.399999618530273,9.550000190734863,9.829999923706055,32000,ICCC,ImmuCell Corporation - Common Stock
2021-07-23,10.239999771118164,10.239999771118164,9.819999694824219,10.050000190734863,9900,ICCC,ImmuCell Corporation - Common Stock
2021-07-26,10.119999885559082,10.279999732971191,10.0,10.0,1500,ICCC,ImmuCell Corporation - Common Stock
2021-07-27,9.8100004196167,9.949999809265137,9.5600004196167,9.949999809265137,1800,ICCC,ImmuCell Corporation - Common Stock
2021-07-28,10.079999923706055,10.199999809265137,9.75,10.199999809265137,5000,ICCC,ImmuCell Corporation - Common Stock
2021-07-29,10.15999984741211,10.15999984741211,9.899999618530273,9.899999618530273,4500,ICCC,ImmuCell Corporation - Common Stock
2021-07-30,10.069999694824219,10.130000114440918,10.0,10.0,1900,ICCC,ImmuCell Corporation - Common Stock
2021-08-02,9.960000038146973,10.050000190734863,9.609999656677246,10.050000190734863,7600,ICCC,ImmuCell Corporation - Common Stock
2021-08-03,9.800000190734863,10.0,9.59000015258789,9.970000267028809,2100,ICCC,ImmuCell Corporation - Common Stock
2021-08-04,9.6899995803833,9.6899995803833,9.3100004196167,9.399999618530273,7100,ICCC,ImmuCell Corporation - Common Stock
2021-08-05,9.630000114440918,9.899999618530273,9.399999618530273,9.8100004196167,10300,ICCC,ImmuCell Corporation - Common Stock
2021-08-06,9.770000457763672,9.8100004196167,9.359999656677246,9.630000114440918,3600,ICCC,ImmuCell Corporation - Common Stock
2021-08-09,9.550000190734863,9.899999618530273,9.5,9.770000457763672,2300,ICCC,ImmuCell Corporation - Common Stock
2021-08-10,9.510000228881836,9.65999984741211,9.289999961853027,9.529999732971191,5200,ICCC,ImmuCell Corporation - Common Stock
2021-08-11,9.399999618530273,9.649999618530273,9.239999771118164,9.430000305175781,7700,ICCC,ImmuCell Corporation - Common Stock
2021-08-12,9.34000015258789,9.520000457763672,9.34000015258789,9.520000457763672,2100,ICCC,ImmuCell Corporation - Common Stock
2021-08-13,9.010000228881836,9.329999923706055,8.760000228881836,9.109999656677246,11800,ICCC,ImmuCell Corporation - Common Stock
2021-08-16,9.140000343322754,9.829999923706055,8.4399995803833,8.9399995803833,13000,ICCC,ImmuCell Corporation - Common Stock
2021-08-17,9.210000038146973,9.210000038146973,8.699999809265137,9.0600004196167,6700,ICCC,ImmuCell Corporation - Common Stock
2021-08-18,9.34000015258789,9.34000015258789,8.699999809265137,9.220000267028809,4500,ICCC,ImmuCell Corporation - Common Stock
2021-08-19,8.970000267028809,9.329999923706055,8.800000190734863,8.800000190734863,4000,ICCC,ImmuCell Corporation - Common Stock
2021-08-20,9.25,9.319999694824219,8.899999618530273,9.289999961853027,2900,ICCC,ImmuCell Corporation - Common Stock
2021-08-23,9.09000015258789,9.199999809265137,9.029999732971191,9.109999656677246,2500,ICCC,ImmuCell Corporation - Common Stock
2021-08-24,8.539999961853027,8.869999885559082,7.300000190734863,7.300000190734863,75000,ICCC,ImmuCell Corporation - Common Stock
2021-08-25,8.680000305175781,9.350000381469727,8.390000343322754,8.5,12700,ICCC,ImmuCell Corporation - Common Stock
2021-08-26,9.0,9.0,8.369999885559082,8.619999885559082,6700,ICCC,ImmuCell Corporation - Common Stock
2021-08-27,8.800000190734863,9.25,8.680000305175781,8.890000343322754,10800,ICCC,ImmuCell Corporation - Common Stock
2021-08-30,9.039999961853027,9.039999961853027,8.789999961853027,8.789999961853027,1300,ICCC,ImmuCell Corporation - Common Stock
2021-08-31,9.15999984741211,9.15999984741211,8.899999618530273,8.899999618530273,2800,ICCC,ImmuCell Corporation - Common Stock
2021-09-01,8.649999618530273,9.15999984741211,8.15999984741211,8.800000190734863,51100,ICCC,ImmuCell Corporation - Common Stock
2021-09-02,8.649999618530273,8.75,8.550000190734863,8.630000114440918,6000,ICCC,ImmuCell Corporation - Common Stock
2021-09-03,9.100000381469727,9.15999984741211,8.600000381469727,8.75,5200,ICCC,ImmuCell Corporation - Common Stock
2021-09-07,8.880000114440918,9.149999618530273,8.850000381469727,9.0600004196167,3600,ICCC,ImmuCell Corporation - Common Stock
2021-09-08,8.640000343322754,8.960000038146973,8.5,8.5,2700,ICCC,ImmuCell Corporation - Common Stock
2021-09-09,9.289999961853027,9.649999618530273,8.720000267028809,8.720000267028809,13000,ICCC,ImmuCell Corporation - Common Stock
2021-09-10,9.25,9.619999885559082,8.84000015258789,9.609999656677246,1800,ICCC,ImmuCell Corporation - Common Stock
2021-09-13,9.050000190734863,9.619999885559082,9.020000457763672,9.25,6900,ICCC,ImmuCell Corporation - Common Stock
2021-09-14,9.970000267028809,9.970000267028809,8.40999984741211,9.0,17900,ICCC,ImmuCell Corporation - Common Stock
2021-09-15,9.1899995803833,9.539999961853027,8.770000457763672,9.539999961853027,3300,ICCC,ImmuCell Corporation - Common Stock
2021-09-16,9.0,9.600000381469727,8.770000457763672,9.15999984741211,32100,ICCC,ImmuCell Corporation - Common Stock
2021-09-17,9.739999771118164,9.739999771118164,8.75,8.779999732971191,18200,ICCC,ImmuCell Corporation - Common Stock
2021-09-20,10.170000076293945,10.270000457763672,8.9399995803833,9.0,11800,ICCC,ImmuCell Corporation - Common Stock
2021-09-21,9.760000228881836,9.949999809265137,9.699999809265137,9.949999809265137,3000,ICCC,ImmuCell Corporation - Common Stock
2021-09-22,9.829999923706055,9.869999885559082,9.5,9.869999885559082,5400,ICCC,ImmuCell Corporation - Common Stock
2021-09-23,9.760000228881836,9.949999809265137,9.619999885559082,9.65999984741211,3200,ICCC,ImmuCell Corporation - Common Stock
2021-09-24,9.6899995803833,10.100000381469727,9.6899995803833,9.720000267028809,2900,ICCC,ImmuCell Corporation - Common Stock
2021-09-27,9.630000114440918,9.630000114440918,9.529999732971191,9.630000114440918,1100,ICCC,ImmuCell Corporation - Common Stock
2021-09-28,9.380000114440918,9.739999771118164,9.300000190734863,9.550000190734863,5700,ICCC,ImmuCell Corporation - Common Stock
2021-09-29,9.420000076293945,9.869999885559082,9.109999656677246,9.25,10800,ICCC,ImmuCell Corporation - Common Stock
2021-09-30,9.359999656677246,9.359999656677246,8.649999618530273,9.3100004196167,2300,ICCC,ImmuCell Corporation - Common Stock
2021-10-01,9.100000381469727,9.239999771118164,8.770000457763672,9.239999771118164,4400,ICCC,ImmuCell Corporation - Common Stock
2021-10-04,9.0,9.0,9.0,9.0,600,ICCC,ImmuCell Corporation - Common Stock
2021-10-05,9.4399995803833,9.4399995803833,8.5600004196167,8.710000038146973,5200,ICCC,ImmuCell Corporation - Common Stock
2021-10-06,9.739999771118164,9.880000114440918,9.029999732971191,9.260000228881836,10700,ICCC,ImmuCell Corporation - Common Stock
2021-10-07,9.680000305175781,9.789999961853027,9.680000305175781,9.779999732971191,2100,ICCC,ImmuCell Corporation - Common Stock
2021-10-08,9.34000015258789,9.770000457763672,9.15999984741211,9.579999923706055,10300,ICCC,ImmuCell Corporation - Common Stock
2021-10-11,9.119999885559082,9.479999542236328,9.100000381469727,9.479999542236328,3900,ICCC,ImmuCell Corporation - Common Stock
2021-10-12,9.039999961853027,9.369999885559082,9.0,9.149999618530273,3200,ICCC,ImmuCell Corporation - Common Stock
2021-10-13,9.449999809265137,9.470000267028809,9.09000015258789,9.1899995803833,2500,ICCC,ImmuCell Corporation - Common Stock
2021-10-14,9.239999771118164,9.289999961853027,8.779999732971191,9.149999618530273,14400,ICCC,ImmuCell Corporation - Common Stock
2021-10-15,9.279999732971191,9.279999732971191,9.039999961853027,9.220000267028809,900,ICCC,ImmuCell Corporation - Common Stock
2021-10-18,9.0,9.3100004196167,8.850000381469727,9.0,7700,ICCC,ImmuCell Corporation - Common Stock
2021-10-19,9.270000457763672,9.779999732971191,9.109999656677246,9.109999656677246,1600,ICCC,ImmuCell Corporation - Common Stock
2021-10-20,9.149999618530273,9.149999618530273,8.84000015258789,8.84000015258789,2500,ICCC,ImmuCell Corporation - Common Stock
2021-10-21,9.329999923706055,9.430000305175781,9.149999618530273,9.149999618530273,3700,ICCC,ImmuCell Corporation - Common Stock
2021-10-22,8.90999984741211,9.260000228881836,8.90999984741211,9.229999542236328,2500,ICCC,ImmuCell Corporation - Common Stock
2021-10-25,9.149999618530273,9.149999618530273,8.930000305175781,8.930000305175781,3800,ICCC,ImmuCell Corporation - Common Stock
2021-10-26,9.079999923706055,9.149999618530273,8.880000114440918,9.149999618530273,1200,ICCC,ImmuCell Corporation - Common Stock
2021-10-27,8.890000343322754,9.069999694824219,8.850000381469727,9.069999694824219,2900,ICCC,ImmuCell Corporation - Common Stock
2021-10-28,8.899999618530273,8.970000267028809,8.829999923706055,8.970000267028809,1300,ICCC,ImmuCell Corporation - Common Stock
2021-10-29,8.800000190734863,9.100000381469727,8.800000190734863,9.100000381469727,1000,ICCC,ImmuCell Corporation - Common Stock
2021-11-01,8.869999885559082,9.170000076293945,8.800000190734863,8.800000190734863,1800,ICCC,ImmuCell Corporation - Common Stock
2021-11-02,8.970000267028809,8.970000267028809,8.75,8.829999923706055,1700,ICCC,ImmuCell Corporation - Common Stock
2021-11-03,8.75,8.949999809265137,8.75,8.75,4200,ICCC,ImmuCell Corporation - Common Stock
2021-11-04,8.760000228881836,8.899999618530273,8.760000228881836,8.770000457763672,5000,ICCC,ImmuCell Corporation - Common Stock
2021-11-05,8.989999771118164,9.359999656677246,8.75,9.069999694824219,5200,ICCC,ImmuCell Corporation - Common Stock
2021-11-08,9.270000457763672,9.5,8.899999618530273,8.989999771118164,6000,ICCC,ImmuCell Corporation - Common Stock
2021-11-09,8.930000305175781,9.59000015258789,8.90999984741211,9.270000457763672,1700,ICCC,ImmuCell Corporation - Common Stock
2021-11-10,8.960000038146973,9.130000114440918,8.869999885559082,9.010000228881836,1700,ICCC,ImmuCell Corporation - Common Stock
2021-11-11,9.210000038146973,9.470000267028809,9.109999656677246,9.109999656677246,2100,ICCC,ImmuCell Corporation - Common Stock
2021-11-12,9.220000267028809,9.220000267028809,9.199999809265137,9.220000267028809,1900,ICCC,ImmuCell Corporation - Common Stock
2021-11-15,9.199999809265137,9.199999809265137,9.199999809265137,9.199999809265137,500,ICCC,ImmuCell Corporation - Common Stock
2021-11-16,9.100000381469727,9.220000267028809,9.09000015258789,9.09000015258789,10900,ICCC,ImmuCell Corporation - Common Stock
2021-11-17,9.0600004196167,9.100000381469727,9.0600004196167,9.100000381469727,1900,ICCC,ImmuCell Corporation - Common Stock
2021-11-18,8.930000305175781,8.930000305175781,8.930000305175781,8.930000305175781,3100,ICCC,ImmuCell Corporation - Common Stock
2021-11-19,8.84000015258789,9.279999732971191,8.789999961853027,8.789999961853027,9800,ICCC,ImmuCell Corporation - Common Stock
2021-11-22,8.899999618530273,8.899999618530273,8.75,8.75,4100,ICCC,ImmuCell Corporation - Common Stock
2021-11-23,8.729999542236328,8.989999771118164,8.720000267028809,8.84000015258789,2400,ICCC,ImmuCell Corporation - Common Stock
2021-11-24,9.199999809265137,9.229999542236328,8.529999732971191,8.720000267028809,17500,ICCC,ImmuCell Corporation - Common Stock
2021-11-26,9.199999809265137,9.199999809265137,8.5,8.569999694824219,1200,ICCC,ImmuCell Corporation - Common Stock
2021-11-29,9.0,9.550000190734863,8.520000457763672,8.75,16600,ICCC,ImmuCell Corporation - Common Stock
2021-11-30,8.930000305175781,9.210000038146973,8.550000190734863,8.989999771118164,10600,ICCC,ImmuCell Corporation - Common Stock
2021-12-01,9.229999542236328,9.239999771118164,8.819999694824219,9.100000381469727,10200,ICCC,ImmuCell Corporation - Common Stock
2021-12-02,8.800000190734863,9.279999732971191,8.800000190734863,8.970000267028809,10300,ICCC,ImmuCell Corporation - Common Stock
2021-12-03,9.0,9.130000114440918,8.029999732971191,8.979999542236328,11100,ICCC,ImmuCell Corporation - Common Stock
2021-12-06,8.930000305175781,9.0,8.350000381469727,9.0,4100,ICCC,ImmuCell Corporation - Common Stock
2021-12-07,8.899999618530273,8.949999809265137,8.539999961853027,8.600000381469727,10300,ICCC,ImmuCell Corporation - Common Stock
2021-12-08,8.529999732971191,8.850000381469727,8.510000228881836,8.789999961853027,6200,ICCC,ImmuCell Corporation - Common Stock
2021-12-09,8.529999732971191,8.949999809265137,8.529999732971191,8.949999809265137,8200,ICCC,ImmuCell Corporation - Common Stock
2021-12-10,8.59000015258789,8.800000190734863,8.289999961853027,8.630000114440918,9100,ICCC,ImmuCell Corporation - Common Stock
2021-12-13,8.020000457763672,8.699999809265137,7.789999961853027,8.09000015258789,27600,ICCC,ImmuCell Corporation - Common Stock
2021-12-14,8.479999542236328,8.510000228881836,8.069999694824219,8.1899995803833,17000,ICCC,ImmuCell Corporation - Common Stock
2021-12-15,8.539999961853027,8.979999542236328,8.010000228881836,8.359999656677246,31200,ICCC,ImmuCell Corporation - Common Stock
2021-12-16,8.529999732971191,8.59000015258789,8.239999771118164,8.470000267028809,22700,ICCC,ImmuCell Corporation - Common Stock
2021-12-17,8.579999923706055,8.789999961853027,8.039999961853027,8.319999694824219,8700,ICCC,ImmuCell Corporation - Common Stock
2021-12-20,8.789999961853027,8.789999961853027,8.34000015258789,8.510000228881836,8000,ICCC,ImmuCell Corporation - Common Stock
2021-12-21,8.8100004196167,9.020000457763672,8.359999656677246,8.359999656677246,7800,ICCC,ImmuCell Corporation - Common Stock
2021-12-22,8.75,8.8100004196167,8.420000076293945,8.470000267028809,14100,ICCC,ImmuCell Corporation - Common Stock
2021-12-23,8.3100004196167,9.1899995803833,8.3100004196167,9.0,11500,ICCC,ImmuCell Corporation - Common Stock
2021-12-27,8.649999618530273,9.0,8.3100004196167,8.3100004196167,10000,ICCC,ImmuCell Corporation - Common Stock
2021-12-28,9.100000381469727,9.199999809265137,8.65999984741211,8.979999542236328,12000,ICCC,ImmuCell Corporation - Common Stock
2021-12-29,8.399999618530273,8.800000190734863,8.329999923706055,8.470000267028809,14700,ICCC,ImmuCell Corporation - Common Stock
2021-12-30,8.40999984741211,8.600000381469727,8.170000076293945,8.40999984741211,16700,ICCC,ImmuCell Corporation - Common Stock
2021-12-31,8.0,8.630000114440918,7.909999847412109,8.430000305175781,13200,ICCC,ImmuCell Corporation - Common Stock
2022-01-03,8.1899995803833,8.5,8.1899995803833,8.25,3100,ICCC,ImmuCell Corporation - Common Stock
2022-01-04,8.199999809265137,8.460000038146973,8.109999656677246,8.380000114440918,10400,ICCC,ImmuCell Corporation - Common Stock
2022-01-05,9.050000190734863,9.25,8.5600004196167,8.600000381469727,25700,ICCC,ImmuCell Corporation - Common Stock
2022-01-06,8.960000038146973,9.100000381469727,8.59000015258789,9.0,22500,ICCC,ImmuCell Corporation - Common Stock
2022-01-07,9.100000381469727,9.100000381469727,9.010000228881836,9.100000381469727,13300,ICCC,ImmuCell Corporation - Common Stock
2022-01-10,8.5,8.800000190734863,8.40999984741211,8.800000190734863,5800,ICCC,ImmuCell Corporation - Common Stock
2022-01-11,8.399999618530273,8.40999984741211,8.25,8.40999984741211,4000,ICCC,ImmuCell Corporation - Common Stock
2022-01-12,9.0600004196167,9.0600004196167,8.65999984741211,8.770000457763672,9700,ICCC,ImmuCell Corporation - Common Stock
2022-01-13,9.09000015258789,9.100000381469727,8.760000228881836,9.010000228881836,3600,ICCC,ImmuCell Corporation - Common Stock
2022-01-14,8.8100004196167,9.010000228881836,8.4399995803833,9.0,10000,ICCC,ImmuCell Corporation - Common Stock
2022-01-18,8.649999618530273,8.989999771118164,8.5600004196167,8.649999618530273,5900,ICCC,ImmuCell Corporation - Common Stock
2022-01-19,8.770000457763672,8.979999542236328,8.319999694824219,8.319999694824219,11800,ICCC,ImmuCell Corporation - Common Stock
2022-01-20,8.449999809265137,8.850000381469727,8.449999809265137,8.75,3500,ICCC,ImmuCell Corporation - Common Stock
2022-01-21,8.949999809265137,8.949999809265137,7.889999866485596,8.369999885559082,56200,ICCC,ImmuCell Corporation - Common Stock
2022-01-24,8.65999984741211,9.0,8.100000381469727,8.600000381469727,26200,ICCC,ImmuCell Corporation - Common Stock
2022-01-25,8.6899995803833,8.850000381469727,8.359999656677246,8.359999656677246,14800,ICCC,ImmuCell Corporation - Common Stock
2022-01-26,8.520000457763672,8.729999542236328,8.3100004196167,8.3100004196167,3600,ICCC,ImmuCell Corporation - Common Stock
2022-01-27,8.449999809265137,8.65999984741211,8.3100004196167,8.34000015258789,8400,ICCC,ImmuCell Corporation - Common Stock
2022-01-28,8.0600004196167,8.359999656677246,7.920000076293945,8.119999885559082,57100,ICCC,ImmuCell Corporation - Common Stock
2022-01-31,8.149999618530273,8.229999542236328,7.989999771118164,7.989999771118164,6500,ICCC,ImmuCell Corporation - Common Stock
2022-02-01,8.0600004196167,8.149999618530273,7.869999885559082,8.149999618530273,6700,ICCC,ImmuCell Corporation - Common Stock
2022-02-02,8.0,8.170000076293945,7.960000038146973,7.960000038146973,8000,ICCC,ImmuCell Corporation - Common Stock
2022-02-03,8.0,8.050000190734863,7.96999979019165,8.0,3400,ICCC,ImmuCell Corporation - Common Stock
2022-02-04,8.0600004196167,8.130000114440918,7.96999979019165,7.96999979019165,9200,ICCC,ImmuCell Corporation - Common Stock
2022-02-07,8.069999694824219,8.140000343322754,8.010000228881836,8.010000228881836,8500,ICCC,ImmuCell Corporation - Common Stock
2022-02-08,8.109999656677246,8.109999656677246,8.050000190734863,8.100000381469727,5000,ICCC,ImmuCell Corporation - Common Stock
2022-02-09,8.149999618530273,8.3100004196167,8.149999618530273,8.149999618530273,1600,ICCC,ImmuCell Corporation - Common Stock
2022-02-10,8.460000038146973,8.460000038146973,8.300000190734863,8.300000190734863,4000,ICCC,ImmuCell Corporation - Common Stock
2022-02-11,8.289999961853027,8.479999542236328,7.949999809265137,8.460000038146973,20200,ICCC,ImmuCell Corporation - Common Stock
2022-02-14,8.100000381469727,8.149999618530273,8.010000228881836,8.010000228881836,1100,ICCC,ImmuCell Corporation - Common Stock
2022-02-15,8.220000267028809,8.5,8.199999809265137,8.199999809265137,6600,ICCC,ImmuCell Corporation - Common Stock
2022-02-16,8.329999923706055,8.489999771118164,8.300000190734863,8.300000190734863,2100,ICCC,ImmuCell Corporation - Common Stock
2022-02-17,8.460000038146973,8.479999542236328,8.1899995803833,8.479999542236328,7400,ICCC,ImmuCell Corporation - Common Stock
2022-02-18,8.199999809265137,8.510000228881836,7.949999809265137,8.220000267028809,12500,ICCC,ImmuCell Corporation - Common Stock
2022-02-22,8.0,8.09000015258789,7.75,8.09000015258789,5900,ICCC,ImmuCell Corporation - Common Stock
2022-02-23,8.109999656677246,8.25,8.039999961853027,8.050000190734863,8700,ICCC,ImmuCell Corporation - Common Stock
2022-02-24,8.329999923706055,8.329999923706055,8.100000381469727,8.109999656677246,5000,ICCC,ImmuCell Corporation - Common Stock
2022-02-25,8.239999771118164,8.350000381469727,8.100000381469727,8.109999656677246,16700,ICCC,ImmuCell Corporation - Common Stock
2022-02-28,8.170000076293945,8.4399995803833,8.140000343322754,8.430000305175781,1800,ICCC,ImmuCell Corporation - Common Stock
2022-03-01,8.489999771118164,8.5,8.109999656677246,8.359999656677246,3100,ICCC,ImmuCell Corporation - Common Stock
2022-03-02,8.510000228881836,8.59000015258789,8.300000190734863,8.449999809265137,5900,ICCC,ImmuCell Corporation - Common Stock
2022-03-03,8.210000038146973,8.449999809265137,8.199999809265137,8.449999809265137,12700,ICCC,ImmuCell Corporation - Common Stock
2022-03-04,8.380000114440918,8.479999542236328,8.199999809265137,8.479999542236328,3000,ICCC,ImmuCell Corporation - Common Stock
2022-03-07,8.039999961853027,8.479999542236328,8.039999961853027,8.15999984741211,2700,ICCC,ImmuCell Corporation - Common Stock
2022-03-08,8.15999984741211,8.5,8.039999961853027,8.039999961853027,13600,ICCC,ImmuCell Corporation - Common Stock
2022-03-09,8.319999694824219,8.319999694824219,8.15999984741211,8.15999984741211,5100,ICCC,ImmuCell Corporation - Common Stock
2022-03-10,8.369999885559082,8.460000038146973,8.149999618530273,8.149999618530273,1300,ICCC,ImmuCell Corporation - Common Stock
2022-03-11,8.75,8.760000228881836,8.15999984741211,8.15999984741211,3900,ICCC,ImmuCell Corporation - Common Stock
2022-03-14,8.84000015258789,9.390000343322754,8.649999618530273,9.390000343322754,6000,ICCC,ImmuCell Corporation - Common Stock
2022-03-15,8.65999984741211,9.09000015258789,8.359999656677246,8.819999694824219,5300,ICCC,ImmuCell Corporation - Common Stock
2022-03-16,8.6899995803833,9.369999885559082,8.65999984741211,8.90999984741211,13100,ICCC,ImmuCell Corporation - Common Stock
2022-03-17,9.020000457763672,9.399999618530273,8.470000267028809,8.630000114440918,9100,ICCC,ImmuCell Corporation - Common Stock
2022-03-18,8.880000114440918,8.949999809265137,8.609999656677246,8.890000343322754,7800,ICCC,ImmuCell Corporation - Common Stock
2022-03-21,9.75,9.859999656677246,8.640000343322754,8.800000190734863,22300,ICCC,ImmuCell Corporation - Common Stock
2022-03-22,9.470000267028809,9.850000381469727,8.920000076293945,9.649999618530273,14700,ICCC,ImmuCell Corporation - Common Stock
2022-03-23,9.770000457763672,9.770000457763672,9.5,9.5,26100,ICCC,ImmuCell Corporation - Common Stock
2022-03-24,9.90999984741211,10.350000381469727,9.829999923706055,9.899999618530273,14400,ICCC,ImmuCell Corporation - Common Stock
2022-03-25,10.0600004196167,10.199999809265137,9.550000190734863,9.8100004196167,14500,ICCC,ImmuCell Corporation - Common Stock
2022-03-28,10.029999732971191,10.449999809265137,9.789999961853027,10.100000381469727,14700,ICCC,ImmuCell Corporation - Common Stock
2022-03-29,9.420000076293945,10.470000267028809,9.109999656677246,10.470000267028809,14500,ICCC,ImmuCell Corporation - Common Stock
2022-03-30,9.5600004196167,9.75,9.4399995803833,9.4399995803833,2200,ICCC,ImmuCell Corporation - Common Stock
2022-03-31,9.649999618530273,10.039999961853027,9.34000015258789,10.0,16600,ICCC,ImmuCell Corporation - Common Stock
2022-04-01,9.75,10.050000190734863,9.59000015258789,9.59000015258789,7500,ICCC,ImmuCell Corporation - Common Stock
2022-04-04,9.630000114440918,9.770000457763672,9.630000114440918,9.770000457763672,1800,ICCC,ImmuCell Corporation - Common Stock
2022-04-05,9.579999923706055,9.930000305175781,9.479999542236328,9.869999885559082,7000,ICCC,ImmuCell Corporation - Common Stock
2022-04-06,9.289999961853027,9.75,8.760000228881836,9.75,11000,ICCC,ImmuCell Corporation - Common Stock
2022-04-07,9.100000381469727,9.449999809265137,8.789999961853027,9.020000457763672,13600,ICCC,ImmuCell Corporation - Common Stock
2022-04-08,9.430000305175781,9.649999618530273,9.0600004196167,9.3100004196167,9600,ICCC,ImmuCell Corporation - Common Stock
2022-04-11,9.239999771118164,9.5,8.890000343322754,9.260000228881836,15200,ICCC,ImmuCell Corporation - Common Stock
2022-04-12,8.789999961853027,9.550000190734863,8.699999809265137,9.25,17600,ICCC,ImmuCell Corporation - Common Stock
2022-04-13,9.0,9.25,8.75,9.029999732971191,10000,ICCC,ImmuCell Corporation - Common Stock
2022-04-14,8.949999809265137,9.449999809265137,8.859999656677246,9.229999542236328,12200,ICCC,ImmuCell Corporation - Common Stock
2022-04-18,8.829999923706055,9.329999923706055,8.800000190734863,9.079999923706055,4400,ICCC,ImmuCell Corporation - Common Stock
2022-04-19,8.630000114440918,8.979999542236328,8.489999771118164,8.760000228881836,24300,ICCC,ImmuCell Corporation - Common Stock
2022-04-20,8.779999732971191,9.130000114440918,8.510000228881836,8.630000114440918,7800,ICCC,ImmuCell Corporation - Common Stock
2022-04-21,8.670000076293945,8.819999694824219,8.489999771118164,8.59000015258789,9400,ICCC,ImmuCell Corporation - Common Stock
2022-04-22,8.300000190734863,8.569999694824219,8.109999656677246,8.569999694824219,3700,ICCC,ImmuCell Corporation - Common Stock
2022-04-25,10.710000038146973,10.960000038146973,8.180000305175781,8.199999809265137,57000,ICCC,ImmuCell Corporation - Common Stock
2022-04-26,9.970000267028809,10.479999542236328,9.65999984741211,10.479999542236328,38900,ICCC,ImmuCell Corporation - Common Stock
2022-04-27,9.789999961853027,10.0,9.619999885559082,9.75,4400,ICCC,ImmuCell Corporation - Common Stock
2022-04-28,9.800000190734863,10.0,9.699999809265137,9.9399995803833,4000,ICCC,ImmuCell Corporation - Common Stock
2022-04-29,9.739999771118164,9.949999809265137,9.569999694824219,9.640000343322754,3600,ICCC,ImmuCell Corporation - Common Stock
2022-05-02,9.75,9.75,9.329999923706055,9.6899995803833,10100,ICCC,ImmuCell Corporation - Common Stock
2022-05-03,9.390000343322754,9.890000343322754,9.390000343322754,9.489999771118164,3900,ICCC,ImmuCell Corporation - Common Stock
2022-05-04,9.1899995803833,9.850000381469727,9.119999885559082,9.329999923706055,11300,ICCC,ImmuCell Corporation - Common Stock
2022-05-05,9.119999885559082,9.619999885559082,8.800000190734863,9.239999771118164,18200,ICCC,ImmuCell Corporation - Common Stock
2022-05-06,8.75,9.140000343322754,8.449999809265137,9.100000381469727,45700,ICCC,ImmuCell Corporation - Common Stock
2022-05-09,8.710000038146973,9.34000015258789,8.710000038146973,9.34000015258789,1600,ICCC,ImmuCell Corporation - Common Stock
2022-05-10,8.010000228881836,9.100000381469727,7.909999847412109,9.100000381469727,41400,ICCC,ImmuCell Corporation - Common Stock
2022-05-11,8.119999885559082,8.359999656677246,7.900000095367432,8.010000228881836,22500,ICCC,ImmuCell Corporation - Common Stock
2022-05-12,7.800000190734863,8.119999885559082,7.46999979019165,7.980000019073486,26700,ICCC,ImmuCell Corporation - Common Stock
2022-05-13,8.109999656677246,8.539999961853027,8.050000190734863,8.1899995803833,13500,ICCC,ImmuCell Corporation - Common Stock
2022-05-16,8.350000381469727,8.470000267028809,8.069999694824219,8.069999694824219,3400,ICCC,ImmuCell Corporation - Common Stock
2022-05-17,8.350000381469727,8.710000038146973,8.100000381469727,8.199999809265137,11200,ICCC,ImmuCell Corporation - Common Stock
2022-05-18,8.1899995803833,8.350000381469727,8.119999885559082,8.25,2100,ICCC,ImmuCell Corporation - Common Stock
2022-05-19,8.119999885559082,8.149999618530273,8.109999656677246,8.149999618530273,2300,ICCC,ImmuCell Corporation - Common Stock
2022-05-20,8.199999809265137,8.470000267028809,8.109999656677246,8.109999656677246,2400,ICCC,ImmuCell Corporation - Common Stock
2022-05-23,8.449999809265137,8.489999771118164,8.289999961853027,8.34000015258789,10000,ICCC,ImmuCell Corporation - Common Stock
2022-05-24,8.5,8.579999923706055,8.319999694824219,8.430000305175781,15600,ICCC,ImmuCell Corporation - Common Stock
2022-05-25,8.149999618530273,8.59000015258789,8.149999618530273,8.579999923706055,7100,ICCC,ImmuCell Corporation - Common Stock
2022-05-26,8.350000381469727,8.369999885559082,8.350000381469727,8.369999885559082,1000,ICCC,ImmuCell Corporation - Common Stock
2022-05-27,8.34000015258789,8.350000381469727,8.15999984741211,8.350000381469727,1800,ICCC,ImmuCell Corporation - Common Stock
2022-05-31,8.109999656677246,8.380000114440918,8.109999656677246,8.380000114440918,1400,ICCC,ImmuCell Corporation - Common Stock
2022-06-01,8.25,8.699999809265137,8.1899995803833,8.220000267028809,5300,ICCC,ImmuCell Corporation - Common Stock
2022-06-02,8.270000457763672,8.390000343322754,8.100000381469727,8.390000343322754,4900,ICCC,ImmuCell Corporation - Common Stock
2022-06-03,8.15999984741211,8.390000343322754,8.15999984741211,8.390000343322754,600,ICCC,ImmuCell Corporation - Common Stock
2022-06-06,8.180000305175781,8.229999542236328,8.180000305175781,8.229999542236328,2700,ICCC,ImmuCell Corporation - Common Stock
2022-06-07,8.34000015258789,8.420000076293945,8.199999809265137,8.260000228881836,3900,ICCC,ImmuCell Corporation - Common Stock
2022-06-08,8.520000457763672,8.739999771118164,8.5,8.569999694824219,2300,ICCC,ImmuCell Corporation - Common Stock
2022-06-09,8.449999809265137,8.640000343322754,8.300000190734863,8.640000343322754,4900,ICCC,ImmuCell Corporation - Common Stock
2022-06-10,8.279999732971191,8.449999809265137,8.170000076293945,8.210000038146973,5100,ICCC,ImmuCell Corporation - Common Stock
2022-06-13,7.699999809265137,8.15999984741211,7.630000114440918,8.15999984741211,22800,ICCC,ImmuCell Corporation - Common Stock
2022-06-14,8.020000457763672,8.319999694824219,7.699999809265137,7.699999809265137,9800,ICCC,ImmuCell Corporation - Common Stock
2022-06-15,8.119999885559082,8.609999656677246,8.0,8.609999656677246,5900,ICCC,ImmuCell Corporation - Common Stock
2022-06-16,8.0,8.449999809265137,7.869999885559082,8.449999809265137,10900,ICCC,ImmuCell Corporation - Common Stock
2022-06-17,8.0,8.010000228881836,8.0,8.010000228881836,2000,ICCC,ImmuCell Corporation - Common Stock
2022-06-21,8.369999885559082,8.390000343322754,8.039999961853027,8.039999961853027,2400,ICCC,ImmuCell Corporation - Common Stock
2022-06-22,8.25,8.600000381469727,8.039999961853027,8.300000190734863,20200,ICCC,ImmuCell Corporation - Common Stock
2022-06-23,8.25,8.649999618530273,8.199999809265137,8.489999771118164,7900,ICCC,ImmuCell Corporation - Common Stock
2022-06-24,8.40999984741211,8.609999656677246,7.949999809265137,8.329999923706055,64100,ICCC,ImmuCell Corporation - Common Stock
2022-06-27,8.40999984741211,8.600000381469727,8.199999809265137,8.600000381469727,6400,ICCC,ImmuCell Corporation - Common Stock
2022-06-28,8.520000457763672,8.720000267028809,8.399999618530273,8.40999984741211,6900,ICCC,ImmuCell Corporation - Common Stock
2022-06-29,8.270000457763672,8.75,8.010000228881836,8.510000228881836,5800,ICCC,ImmuCell Corporation - Common Stock
2022-06-30,8.6899995803833,8.850000381469727,8.25,8.25,5400,ICCC,ImmuCell Corporation - Common Stock
2022-07-01,8.600000381469727,8.739999771118164,8.270000457763672,8.510000228881836,1900,ICCC,ImmuCell Corporation - Common Stock
2022-07-05,8.539999961853027,8.539999961853027,8.199999809265137,8.4399995803833,4700,ICCC,ImmuCell Corporation - Common Stock
2022-07-06,8.25,8.449999809265137,8.25,8.449999809265137,2600,ICCC,ImmuCell Corporation - Common Stock
2022-07-07,8.420000076293945,8.859999656677246,8.420000076293945,8.859999656677246,1800,ICCC,ImmuCell Corporation - Common Stock
2022-07-08,8.520000457763672,8.649999618530273,8.279999732971191,8.420000076293945,12400,ICCC,ImmuCell Corporation - Common Stock
2022-07-11,8.380000114440918,8.5,8.380000114440918,8.489999771118164,2600,ICCC,ImmuCell Corporation - Common Stock
2022-07-12,8.5,8.6899995803833,8.359999656677246,8.680000305175781,9400,ICCC,ImmuCell Corporation - Common Stock
2022-07-13,8.539999961853027,8.680000305175781,8.5,8.680000305175781,2100,ICCC,ImmuCell Corporation - Common Stock
2022-07-14,8.760000228881836,8.800000190734863,8.25,8.5,9700,ICCC,ImmuCell Corporation - Common Stock
2022-07-15,8.380000114440918,8.619999885559082,8.34000015258789,8.4399995803833,7500,ICCC,ImmuCell Corporation - Common Stock
2022-07-18,8.600000381469727,8.699999809265137,8.329999923706055,8.420000076293945,8100,ICCC,ImmuCell Corporation - Common Stock
2022-07-19,8.460000038146973,8.770000457763672,8.399999618530273,8.399999618530273,5600,ICCC,ImmuCell Corporation - Common Stock
2022-07-20,8.539999961853027,8.760000228881836,8.390000343322754,8.449999809265137,3200,ICCC,ImmuCell Corporation - Common Stock
2022-07-21,8.779999732971191,8.819999694824219,8.420000076293945,8.460000038146973,6000,ICCC,ImmuCell Corporation - Common Stock
2022-07-22,8.420000076293945,8.600000381469727,8.380000114440918,8.460000038146973,3100,ICCC,ImmuCell Corporation - Common Stock
2022-07-25,8.520000457763672,8.670000076293945,8.4399995803833,8.449999809265137,5500,ICCC,ImmuCell Corporation - Common Stock
2022-07-26,8.600000381469727,8.640000343322754,8.390000343322754,8.390000343322754,3100,ICCC,ImmuCell Corporation - Common Stock
2022-07-27,8.630000114440918,8.859999656677246,8.430000305175781,8.6899995803833,18100,ICCC,ImmuCell Corporation - Common Stock
2022-07-28,8.789999961853027,8.819999694824219,8.300000190734863,8.430000305175781,9600,ICCC,ImmuCell Corporation - Common Stock
2022-07-29,8.779999732971191,8.859999656677246,8.640000343322754,8.859999656677246,8100,ICCC,ImmuCell Corporation - Common Stock
2022-08-01,8.890000343322754,9.289999961853027,8.65999984741211,8.800000190734863,12000,ICCC,ImmuCell Corporation - Common Stock
2022-08-02,9.050000190734863,9.109999656677246,8.710000038146973,8.739999771118164,5800,ICCC,ImmuCell Corporation - Common Stock
2022-08-03,9.029999732971191,9.050000190734863,8.859999656677246,9.029999732971191,4400,ICCC,ImmuCell Corporation - Common Stock
2022-08-04,8.899999618530273,8.9399995803833,8.569999694824219,8.9399995803833,2300,ICCC,ImmuCell Corporation - Common Stock
2022-08-05,8.979999542236328,8.979999542236328,8.699999809265137,8.699999809265137,3700,ICCC,ImmuCell Corporation - Common Stock
2022-08-08,9.100000381469727,9.609999656677246,8.920000076293945,8.920000076293945,10800,ICCC,ImmuCell Corporation - Common Stock
2022-08-09,8.920000076293945,9.100000381469727,8.760000228881836,9.020000457763672,6100,ICCC,ImmuCell Corporation - Common Stock
2022-08-10,8.869999885559082,9.119999885559082,8.670000076293945,9.0600004196167,7000,ICCC,ImmuCell Corporation - Common Stock
2022-08-11,8.75,8.979999542236328,8.649999618530273,8.979999542236328,8300,ICCC,ImmuCell Corporation - Common Stock
2022-08-12,8.149999618530273,8.619999885559082,7.900000095367432,8.619999885559082,37900,ICCC,ImmuCell Corporation - Common Stock
2022-08-15,8.0600004196167,8.100000381469727,8.0,8.100000381469727,7800,ICCC,ImmuCell Corporation - Common Stock
2022-08-16,7.849999904632568,8.140000343322754,7.849999904632568,8.140000343322754,14500,ICCC,ImmuCell Corporation - Common Stock
2022-08-17,8.210000038146973,8.210000038146973,7.849999904632568,7.849999904632568,4500,ICCC,ImmuCell Corporation - Common Stock
2022-08-18,8.199999809265137,8.199999809265137,8.010000228881836,8.010000228881836,1100,ICCC,ImmuCell Corporation - Common Stock
2022-08-19,8.020000457763672,8.050000190734863,7.900000095367432,7.900000095367432,1800,ICCC,ImmuCell Corporation - Common Stock
2022-08-22,8.079999923706055,8.079999923706055,7.889999866485596,7.889999866485596,900,ICCC,ImmuCell Corporation - Common Stock
2022-08-23,7.989999771118164,8.239999771118164,7.829999923706055,7.989999771118164,5700,ICCC,ImmuCell Corporation - Common Stock
2022-08-24,7.849999904632568,7.960000038146973,7.659999847412109,7.849999904632568,6600,ICCC,ImmuCell Corporation - Common Stock
2022-08-25,7.880000114440918,7.880000114440918,7.880000114440918,7.880000114440918,500,ICCC,ImmuCell Corporation - Common Stock
2022-08-26,7.769999980926514,8.0,7.769999980926514,7.769999980926514,2900,ICCC,ImmuCell Corporation - Common Stock
2022-08-29,7.400000095367432,7.849999904632568,7.059999942779541,7.769999980926514,70100,ICCC,ImmuCell Corporation - Common Stock
2022-08-30,7.309999942779541,7.400000095367432,7.300000190734863,7.400000095367432,19600,ICCC,ImmuCell Corporation - Common Stock
2022-08-31,7.289999961853027,7.380000114440918,7.25,7.380000114440918,6000,ICCC,ImmuCell Corporation - Common Stock
2022-09-01,7.289999961853027,7.300000190734863,7.199999809265137,7.300000190734863,11200,ICCC,ImmuCell Corporation - Common Stock
2022-09-02,7.039999961853027,7.320000171661377,7.039999961853027,7.230000019073486,3300,ICCC,ImmuCell Corporation - Common Stock
2022-09-06,7.389999866485596,7.440000057220459,6.960000038146973,6.960000038146973,9800,ICCC,ImmuCell Corporation - Common Stock
2022-09-07,7.539999961853027,7.579999923706055,7.269999980926514,7.269999980926514,3200,ICCC,ImmuCell Corporation - Common Stock
2022-09-08,7.679999828338623,7.800000190734863,7.269999980926514,7.269999980926514,1900,ICCC,ImmuCell Corporation - Common Stock
2022-09-09,7.760000228881836,7.78000020980835,7.21999979019165,7.21999979019165,3500,ICCC,ImmuCell Corporation - Common Stock
2022-09-12,7.679999828338623,7.929999828338623,7.369999885559082,7.400000095367432,6600,ICCC,ImmuCell Corporation - Common Stock
2022-09-13,8.0600004196167,8.130000114440918,7.699999809265137,7.699999809265137,7500,ICCC,ImmuCell Corporation - Common Stock
2022-09-14,7.849999904632568,8.239999771118164,7.409999847412109,7.909999847412109,7000,ICCC,ImmuCell Corporation - Common Stock
2022-09-15,7.570000171661377,7.949999809265137,7.380000114440918,7.650000095367432,4600,ICCC,ImmuCell Corporation - Common Stock
2022-09-16,8.140000343322754,8.140000343322754,7.400000095367432,7.590000152587891,22700,ICCC,ImmuCell Corporation - Common Stock
2022-09-19,7.980000019073486,8.020000457763672,7.710000038146973,8.0,5400,ICCC,ImmuCell Corporation - Common Stock
2022-09-20,7.880000114440918,8.029999732971191,7.710000038146973,7.849999904632568,5300,ICCC,ImmuCell Corporation - Common Stock
2022-09-21,7.889999866485596,8.25,7.659999847412109,8.1899995803833,9100,ICCC,ImmuCell Corporation - Common Stock
2022-09-22,7.769999980926514,8.390000343322754,7.46999979019165,8.390000343322754,22700,ICCC,ImmuCell Corporation - Common Stock
2022-09-23,7.710000038146973,7.949999809265137,7.309999942779541,7.659999847412109,9000,ICCC,ImmuCell Corporation - Common Stock
2022-09-26,7.849999904632568,8.09000015258789,7.639999866485596,7.639999866485596,2700,ICCC,ImmuCell Corporation - Common Stock
2022-09-27,7.570000171661377,7.789999961853027,7.570000171661377,7.599999904632568,3600,ICCC,ImmuCell Corporation - Common Stock
2022-09-28,7.480000019073486,7.940000057220459,7.460000038146973,7.940000057220459,2400,ICCC,ImmuCell Corporation - Common Stock
2022-09-29,7.599999904632568,7.829999923706055,7.5,7.809999942779541,3300,ICCC,ImmuCell Corporation - Common Stock
2022-09-30,7.480000019073486,7.75,7.449999809265137,7.460000038146973,4000,ICCC,ImmuCell Corporation - Common Stock
2022-10-03,7.409999847412109,7.699999809265137,7.409999847412109,7.5,3800,ICCC,ImmuCell Corporation - Common Stock
2022-10-04,7.570000171661377,7.820000171661377,7.210000038146973,7.210000038146973,6900,ICCC,ImmuCell Corporation - Common Stock
2022-10-05,7.760000228881836,7.980000019073486,7.690000057220459,7.900000095367432,10500,ICCC,ImmuCell Corporation - Common Stock
2022-10-06,8.0,8.25,7.929999828338623,8.100000381469727,27800,ICCC,ImmuCell Corporation - Common Stock
2022-10-07,7.949999809265137,8.229999542236328,7.699999809265137,8.210000038146973,7700,ICCC,ImmuCell Corporation - Common Stock
2022-10-10,7.920000076293945,8.0,7.619999885559082,7.909999847412109,6000,ICCC,ImmuCell Corporation - Common Stock
2022-10-11,7.78000020980835,8.149999618530273,7.559999942779541,7.559999942779541,14500,ICCC,ImmuCell Corporation - Common Stock
2022-10-12,7.900000095367432,8.050000190734863,7.550000190734863,8.0,7700,ICCC,ImmuCell Corporation - Common Stock
2022-10-13,7.800000190734863,7.960000038146973,7.789999961853027,7.860000133514404,4200,ICCC,ImmuCell Corporation - Common Stock
2022-10-14,7.860000133514404,7.980000019073486,7.650000095367432,7.769999980926514,4000,ICCC,ImmuCell Corporation - Common Stock
2022-10-17,7.699999809265137,7.940000057220459,7.349999904632568,7.800000190734863,3500,ICCC,ImmuCell Corporation - Common Stock
2022-10-18,7.96999979019165,7.96999979019165,7.760000228881836,7.760000228881836,1500,ICCC,ImmuCell Corporation - Common Stock
2022-10-19,7.820000171661377,8.199999809265137,7.760000228881836,8.170000076293945,4100,ICCC,ImmuCell Corporation - Common Stock
2022-10-20,7.75,7.809999942779541,7.619999885559082,7.809999942779541,1900,ICCC,ImmuCell Corporation - Common Stock
2022-10-21,7.71999979019165,8.050000190734863,7.440000057220459,7.440000057220459,3900,ICCC,ImmuCell Corporation - Common Stock
2022-10-24,7.769999980926514,7.769999980926514,7.449999809265137,7.610000133514404,5100,ICCC,ImmuCell Corporation - Common Stock
2022-10-25,7.949999809265137,8.050000190734863,7.449999809265137,7.449999809265137,7000,ICCC,ImmuCell Corporation - Common Stock
2022-10-26,7.679999828338623,7.960000038146973,7.659999847412109,7.949999809265137,11800,ICCC,ImmuCell Corporation - Common Stock
2022-10-27,8.0,8.0,7.550000190734863,7.679999828338623,8500,ICCC,ImmuCell Corporation - Common Stock
2022-10-28,7.71999979019165,8.0,7.659999847412109,8.0,4400,ICCC,ImmuCell Corporation - Common Stock
2022-10-31,8.010000228881836,8.020000457763672,7.679999828338623,7.679999828338623,12600,ICCC,ImmuCell Corporation - Common Stock
2022-11-01,7.889999866485596,7.900000095367432,7.619999885559082,7.619999885559082,1000,ICCC,ImmuCell Corporation - Common Stock
2022-11-02,8.050000190734863,8.050000190734863,7.71999979019165,7.71999979019165,2300,ICCC,ImmuCell Corporation - Common Stock
2022-11-03,7.880000114440918,7.880000114440918,7.730000019073486,7.730000019073486,1600,ICCC,ImmuCell Corporation - Common Stock
2022-11-04,8.550000190734863,8.550000190734863,7.519999980926514,7.869999885559082,13400,ICCC,ImmuCell Corporation - Common Stock
2022-11-07,8.239999771118164,8.600000381469727,8.020000457763672,8.550000190734863,3200,ICCC,ImmuCell Corporation - Common Stock
2022-11-08,8.0,8.489999771118164,8.0,8.069999694824219,7400,ICCC,ImmuCell Corporation - Common Stock
2022-11-09,7.389999866485596,8.010000228881836,7.369999885559082,8.010000228881836,2400,ICCC,ImmuCell Corporation - Common Stock
2022-11-10,7.5,7.699999809265137,7.110000133514404,7.699999809265137,9000,ICCC,ImmuCell Corporation - Common Stock
2022-11-11,7.510000228881836,7.610000133514404,7.110000133514404,7.110000133514404,6700,ICCC,ImmuCell Corporation - Common Stock
2022-11-14,7.400000095367432,7.400000095367432,7.269999980926514,7.289999961853027,1200,ICCC,ImmuCell Corporation - Common Stock
2022-11-15,7.300000190734863,7.380000114440918,7.150000095367432,7.159999847412109,17500,ICCC,ImmuCell Corporation - Common Stock
2022-11-16,7.210000038146973,8.479999542236328,7.150000095367432,7.300000190734863,19300,ICCC,ImmuCell Corporation - Common Stock
2022-11-17,7.150000095367432,7.590000152587891,7.150000095367432,7.590000152587891,12100,ICCC,ImmuCell Corporation - Common Stock
2022-11-18,7.010000228881836,7.400000095367432,6.860000133514404,7.210000038146973,15800,ICCC,ImmuCell Corporation - Common Stock
2022-11-21,6.21999979019165,7.199999809265137,5.980000019073486,6.929999828338623,49900,ICCC,ImmuCell Corporation - Common Stock
2022-11-22,6.199999809265137,6.349999904632568,6.010000228881836,6.03000020980835,37700,ICCC,ImmuCell Corporation - Common Stock
2022-11-23,6.360000133514404,6.800000190734863,6.25,6.269999980926514,16800,ICCC,ImmuCell Corporation - Common Stock
2022-11-25,6.489999771118164,6.489999771118164,6.489999771118164,6.489999771118164,300,ICCC,ImmuCell Corporation - Common Stock
2022-11-28,6.610000133514404,6.610000133514404,6.25,6.480000019073486,14800,ICCC,ImmuCell Corporation - Common Stock
2022-11-29,6.75,6.760000228881836,6.570000171661377,6.599999904632568,5000,ICCC,ImmuCell Corporation - Common Stock
2022-11-30,6.900000095367432,6.909999847412109,6.519999980926514,6.75,23500,ICCC,ImmuCell Corporation - Common Stock
2022-12-01,7.099999904632568,7.139999866485596,6.769999980926514,6.900000095367432,4600,ICCC,ImmuCell Corporation - Common Stock
2022-12-02,7.0,7.110000133514404,6.400000095367432,7.110000133514404,45600,ICCC,ImmuCell Corporation - Common Stock
2022-12-05,7.039999961853027,7.159999847412109,6.800000190734863,6.900000095367432,2900,ICCC,ImmuCell Corporation - Common Stock
2022-12-06,7.079999923706055,7.079999923706055,6.639999866485596,7.070000171661377,13300,ICCC,ImmuCell Corporation - Common Stock
2022-12-07,6.849999904632568,7.159999847412109,6.679999828338623,7.159999847412109,3400,ICCC,ImmuCell Corporation - Common Stock
2022-12-08,7.139999866485596,7.170000076293945,6.840000152587891,6.880000114440918,8600,ICCC,ImmuCell Corporation - Common Stock
2022-12-09,6.75,7.380000114440918,6.5,6.960000038146973,28500,ICCC,ImmuCell Corporation - Common Stock
2022-12-12,6.789999961853027,7.010000228881836,6.650000095367432,7.010000228881836,5400,ICCC,ImmuCell Corporation - Common Stock
2022-12-13,6.650000095367432,6.800000190734863,6.5,6.78000020980835,12900,ICCC,ImmuCell Corporation - Common Stock
2022-12-14,6.590000152587891,6.760000228881836,6.539999961853027,6.539999961853027,10300,ICCC,ImmuCell Corporation - Common Stock
2022-12-15,6.519999980926514,6.650000095367432,6.309999942779541,6.489999771118164,9600,ICCC,ImmuCell Corporation - Common Stock
2022-12-16,6.71999979019165,6.739999771118164,6.170000076293945,6.349999904632568,4700,ICCC,ImmuCell Corporation - Common Stock
2022-12-19,6.329999923706055,6.550000190734863,6.25,6.320000171661377,5300,ICCC,ImmuCell Corporation - Common Stock
2022-12-20,6.320000171661377,6.449999809265137,6.300000190734863,6.329999923706055,7400,ICCC,ImmuCell Corporation - Common Stock
2022-12-21,6.25,6.369999885559082,6.150000095367432,6.25,8800,ICCC,ImmuCell Corporation - Common Stock
2022-12-22,6.119999885559082,6.300000190734863,6.090000152587891,6.090000152587891,8700,ICCC,ImmuCell Corporation - Common Stock
2022-12-23,6.230000019073486,6.5,6.159999847412109,6.210000038146973,4200,ICCC,ImmuCell Corporation - Common Stock
2022-12-27,6.360000133514404,6.46999979019165,6.25,6.46999979019165,3400,ICCC,ImmuCell Corporation - Common Stock
2022-12-28,6.159999847412109,6.230000019073486,6.090000152587891,6.090000152587891,5100,ICCC,ImmuCell Corporation - Common Stock
2022-12-29,6.090000152587891,6.199999809265137,6.0,6.099999904632568,8900,ICCC,ImmuCell Corporation - Common Stock
2022-12-30,6.099999904632568,6.300000190734863,6.019999980926514,6.300000190734863,9900,ICCC,ImmuCell Corporation - Common Stock
2023-01-03,6.480000019073486,6.519999980926514,6.460000038146973,6.519999980926514,1800,ICCC,ImmuCell Corporation - Common Stock
2023-01-04,6.300000190734863,6.5,6.199999809265137,6.400000095367432,7100,ICCC,ImmuCell Corporation - Common Stock
2023-01-05,6.340000152587891,6.349999904632568,6.159999847412109,6.300000190734863,2900,ICCC,ImmuCell Corporation - Common Stock
2023-01-06,6.400000095367432,6.489999771118164,6.349999904632568,6.489999771118164,2400,ICCC,ImmuCell Corporation - Common Stock
2023-01-09,6.550000190734863,6.650000095367432,6.369999885559082,6.369999885559082,3400,ICCC,ImmuCell Corporation - Common Stock
2023-01-10,7.110000133514404,7.489999771118164,6.659999847412109,7.159999847412109,10000,ICCC,ImmuCell Corporation - Common Stock
2023-01-11,7.559999942779541,7.760000228881836,7.099999904632568,7.480000019073486,16900,ICCC,ImmuCell Corporation - Common Stock
2023-01-12,7.840000152587891,7.840000152587891,7.5,7.5,2200,ICCC,ImmuCell Corporation - Common Stock
2023-01-13,7.420000076293945,7.78000020980835,7.420000076293945,7.78000020980835,1500,ICCC,ImmuCell Corporation - Common Stock
2023-01-17,7.510000228881836,7.599999904632568,7.369999885559082,7.400000095367432,1000,ICCC,ImmuCell Corporation - Common Stock
2023-01-18,7.5,7.71999979019165,7.21999979019165,7.71999979019165,11000,ICCC,ImmuCell Corporation - Common Stock
2023-01-19,7.599999904632568,7.730000019073486,7.389999866485596,7.639999866485596,3100,ICCC,ImmuCell Corporation - Common Stock
2023-01-20,7.449999809265137,7.630000114440918,7.340000152587891,7.449999809265137,3200,ICCC,ImmuCell Corporation - Common Stock
2023-01-23,7.349999904632568,7.400000095367432,7.25,7.25,1600,ICCC,ImmuCell Corporation - Common Stock
2023-01-24,7.619999885559082,7.619999885559082,7.400000095367432,7.400000095367432,800,ICCC,ImmuCell Corporation - Common Stock
2023-01-25,7.400000095367432,7.400000095367432,7.329999923706055,7.329999923706055,2000,ICCC,ImmuCell Corporation - Common Stock
2023-01-26,7.570000171661377,7.579999923706055,7.400000095367432,7.400000095367432,5300,ICCC,ImmuCell Corporation - Common Stock
2023-01-27,7.400000095367432,7.409999847412109,7.28000020980835,7.409999847412109,1600,ICCC,ImmuCell Corporation - Common Stock
2023-01-30,7.300000190734863,7.519999980926514,7.300000190734863,7.369999885559082,1700,ICCC,ImmuCell Corporation - Common Stock
2023-01-31,7.420000076293945,7.519999980926514,7.28000020980835,7.28000020980835,800,ICCC,ImmuCell Corporation - Common Stock
2023-02-01,7.449999809265137,7.449999809265137,7.179999828338623,7.400000095367432,9700,ICCC,ImmuCell Corporation - Common Stock
2023-02-02,7.449999809265137,7.650000095367432,7.300000190734863,7.300000190734863,3300,ICCC,ImmuCell Corporation - Common Stock
2023-02-03,7.480000019073486,7.53000020980835,7.449999809265137,7.449999809265137,5400,ICCC,ImmuCell Corporation - Common Stock
2023-02-06,7.5,7.630000114440918,7.5,7.630000114440918,500,ICCC,ImmuCell Corporation - Common Stock
2023-02-07,7.550000190734863,7.630000114440918,7.5,7.539999961853027,7400,ICCC,ImmuCell Corporation - Common Stock
2023-02-08,7.260000228881836,7.489999771118164,7.260000228881836,7.489999771118164,5300,ICCC,ImmuCell Corporation - Common Stock
2023-02-09,7.309999942779541,7.360000133514404,7.309999942779541,7.360000133514404,2500,ICCC,ImmuCell Corporation - Common Stock
2023-02-10,7.099999904632568,7.349999904632568,7.099999904632568,7.230000019073486,6100,ICCC,ImmuCell Corporation - Common Stock
2023-02-13,7.239999771118164,7.300000190734863,7.21999979019165,7.300000190734863,6000,ICCC,ImmuCell Corporation - Common Stock
2023-02-14,7.289999961853027,7.360000133514404,7.050000190734863,7.269999980926514,8200,ICCC,ImmuCell Corporation - Common Stock
2023-02-15,7.159999847412109,7.300000190734863,6.909999847412109,7.050000190734863,18900,ICCC,ImmuCell Corporation - Common Stock
2023-02-16,7.150000095367432,7.389999866485596,7.099999904632568,7.289999961853027,19700,ICCC,ImmuCell Corporation - Common Stock
2023-02-17,7.300000190734863,7.300000190734863,7.179999828338623,7.179999828338623,6800,ICCC,ImmuCell Corporation - Common Stock
2023-02-21,7.309999942779541,7.309999942779541,6.639999866485596,6.639999866485596,3500,ICCC,ImmuCell Corporation - Common Stock
2023-02-22,6.809999942779541,7.099999904632568,6.590000152587891,6.590000152587891,25800,ICCC,ImmuCell Corporation - Common Stock
2023-02-23,6.510000228881836,6.75,6.440000057220459,6.75,11300,ICCC,ImmuCell Corporation - Common Stock
2023-02-24,6.260000228881836,6.480000019073486,6.190000057220459,6.300000190734863,12900,ICCC,ImmuCell Corporation - Common Stock
2023-02-27,6.0,6.230000019073486,5.949999809265137,6.230000019073486,12000,ICCC,ImmuCell Corporation - Common Stock
2023-02-28,5.900000095367432,5.960000038146973,5.809999942779541,5.960000038146973,13800,ICCC,ImmuCell Corporation - Common Stock
2023-03-01,5.800000190734863,5.949999809265137,5.800000190734863,5.949999809265137,2000,ICCC,ImmuCell Corporation - Common Stock
2023-03-02,5.809999942779541,5.840000152587891,5.610000133514404,5.800000190734863,8600,ICCC,ImmuCell Corporation - Common Stock
2023-03-03,5.900000095367432,6.119999885559082,5.889999866485596,5.940000057220459,4400,ICCC,ImmuCell Corporation - Common Stock
2023-03-06,5.820000171661377,6.159999847412109,5.639999866485596,6.099999904632568,7900,ICCC,ImmuCell Corporation - Common Stock
2023-03-07,5.869999885559082,6.099999904632568,5.630000114440918,5.869999885559082,7200,ICCC,ImmuCell Corporation - Common Stock
2023-03-08,5.829999923706055,6.130000114440918,5.829999923706055,6.099999904632568,5600,ICCC,ImmuCell Corporation - Common Stock
2023-03-09,5.739999771118164,6.079999923706055,5.559999942779541,5.889999866485596,9700,ICCC,ImmuCell Corporation - Common Stock
2023-03-10,5.489999771118164,5.699999809265137,5.269999980926514,5.699999809265137,14200,ICCC,ImmuCell Corporation - Common Stock
2023-03-13,5.309999942779541,5.579999923706055,4.960000038146973,5.5,41000,ICCC,ImmuCell Corporation - Common Stock
2023-03-14,5.199999809265137,5.550000190734863,5.079999923706055,5.079999923706055,7500,ICCC,ImmuCell Corporation - Common Stock
2023-03-15,5.0,5.25,5.0,5.099999904632568,3200,ICCC,ImmuCell Corporation - Common Stock
2023-03-16,4.900000095367432,5.230000019073486,4.679999828338623,4.679999828338623,11900,ICCC,ImmuCell Corporation - Common Stock
2023-03-17,4.869999885559082,4.960000038146973,4.800000190734863,4.900000095367432,4800,ICCC,ImmuCell Corporation - Common Stock
2023-03-20,5.199999809265137,5.21999979019165,4.920000076293945,4.920000076293945,7600,ICCC,ImmuCell Corporation - Common Stock
2023-03-21,5.360000133514404,5.550000190734863,5.260000228881836,5.440000057220459,5400,ICCC,ImmuCell Corporation - Common Stock
2023-03-22,5.21999979019165,5.25,5.199999809265137,5.25,1900,ICCC,ImmuCell Corporation - Common Stock
2023-03-23,5.360000133514404,5.360000133514404,5.190000057220459,5.199999809265137,1800,ICCC,ImmuCell Corporation - Common Stock
2023-03-24,5.070000171661377,5.199999809265137,5.070000171661377,5.170000076293945,6200,ICCC,ImmuCell Corporation - Common Stock
2023-03-27,4.849999904632568,5.230000019073486,4.849999904632568,5.070000171661377,6000,ICCC,ImmuCell Corporation - Common Stock
2023-03-28,5.110000133514404,5.269999980926514,5.0,5.0,2000,ICCC,ImmuCell Corporation - Common Stock
2023-03-29,5.110000133514404,5.260000228881836,5.110000133514404,5.199999809265137,4600,ICCC,ImmuCell Corporation - Common Stock
2023-03-30,5.159999847412109,5.210000038146973,5.150000095367432,5.150000095367432,4000,ICCC,ImmuCell Corporation - Common Stock
2023-03-31,5.159999847412109,5.159999847412109,5.159999847412109,5.159999847412109,400,ICCC,ImmuCell Corporation - Common Stock
2023-04-03,5.099999904632568,5.150000095367432,5.0,5.110000133514404,31100,ICCC,ImmuCell Corporation - Common Stock
2023-04-04,5.0,5.170000076293945,4.909999847412109,4.909999847412109,42500,ICCC,ImmuCell Corporation - Common Stock
2023-04-05,4.949999809265137,5.179999828338623,4.949999809265137,5.0,23500,ICCC,ImmuCell Corporation - Common Stock
2023-04-06,4.96999979019165,5.110000133514404,4.849999904632568,4.949999809265137,30600,ICCC,ImmuCell Corporation - Common Stock
2023-04-10,4.929999828338623,5.139999866485596,4.869999885559082,4.900000095367432,3600,ICCC,ImmuCell Corporation - Common Stock
2023-04-11,4.889999866485596,4.889999866485596,4.889999866485596,4.889999866485596,700,ICCC,ImmuCell Corporation - Common Stock
2023-04-12,4.960000038146973,5.019999980926514,4.849999904632568,4.980000019073486,7100,ICCC,ImmuCell Corporation - Common Stock
2023-04-13,4.849999904632568,5.079999923706055,4.800000190734863,4.860000133514404,13400,ICCC,ImmuCell Corporation - Common Stock
2023-04-14,4.909999847412109,4.980000019073486,4.849999904632568,4.849999904632568,7700,ICCC,ImmuCell Corporation - Common Stock
2023-04-17,4.820000171661377,4.980000019073486,4.820000171661377,4.909999847412109,3800,ICCC,ImmuCell Corporation - Common Stock
2023-04-18,4.820000171661377,4.980000019073486,4.820000171661377,4.829999923706055,2900,ICCC,ImmuCell Corporation - Common Stock
2023-04-19,4.989999771118164,5.0,4.800000190734863,4.820000171661377,5300,ICCC,ImmuCell Corporation - Common Stock
2023-04-20,4.96999979019165,4.96999979019165,4.909999847412109,4.909999847412109,5000,ICCC,ImmuCell Corporation - Common Stock
2023-04-21,5.0,5.010000228881836,4.96999979019165,4.96999979019165,4000,ICCC,ImmuCell Corporation - Common Stock
2023-04-24,4.929999828338623,4.929999828338623,4.929999828338623,4.929999828338623,500,ICCC,ImmuCell Corporation - Common Stock
2023-04-25,4.929999828338623,5.199999809265137,4.900000095367432,4.900000095367432,7200,ICCC,ImmuCell Corporation - Common Stock
2023-04-26,4.960000038146973,4.960000038146973,4.960000038146973,4.960000038146973,400,ICCC,ImmuCell Corporation - Common Stock
2023-04-27,5.0,5.25,4.949999809265137,5.25,3300,ICCC,ImmuCell Corporation - Common Stock
2023-04-28,4.920000076293945,4.949999809265137,4.920000076293945,4.929999828338623,5600,ICCC,ImmuCell Corporation - Common Stock
2023-05-01,4.940000057220459,5.0,4.940000057220459,4.949999809265137,9300,ICCC,ImmuCell Corporation - Common Stock
2023-05-02,5.03000020980835,5.159999847412109,5.03000020980835,5.159999847412109,700,ICCC,ImmuCell Corporation - Common Stock
2023-05-03,4.900000095367432,5.039999961853027,4.900000095367432,5.039999961853027,2700,ICCC,ImmuCell Corporation - Common Stock
2023-05-04,4.940000057220459,5.0,4.849999904632568,4.900000095367432,6500,ICCC,ImmuCell Corporation - Common Stock
2023-05-05,4.900000095367432,4.940000057220459,4.809999942779541,4.909999847412109,10500,ICCC,ImmuCell Corporation - Common Stock
2023-05-08,4.949999809265137,4.949999809265137,4.849999904632568,4.949999809265137,2100,ICCC,ImmuCell Corporation - Common Stock
2023-05-09,4.900000095367432,4.960000038146973,4.900000095367432,4.929999828338623,1900,ICCC,ImmuCell Corporation - Common Stock
2023-05-10,4.909999847412109,4.920000076293945,4.860000133514404,4.920000076293945,1700,ICCC,ImmuCell Corporation - Common Stock
2023-05-11,4.960000038146973,4.960000038146973,4.849999904632568,4.849999904632568,2600,ICCC,ImmuCell Corporation - Common Stock
2023-05-12,4.639999866485596,4.75,4.260000228881836,4.75,28100,ICCC,ImmuCell Corporation - Common Stock
2023-05-15,4.96999979019165,5.349999904632568,4.5,4.5,3600,ICCC,ImmuCell Corporation - Common Stock
2023-05-16,5.210000038146973,5.210000038146973,4.840000152587891,4.940000057220459,1000,ICCC,ImmuCell Corporation - Common Stock
2023-05-17,5.139999866485596,5.150000095367432,4.829999923706055,4.889999866485596,4200,ICCC,ImmuCell Corporation - Common Stock
2023-05-18,4.869999885559082,4.980000019073486,4.869999885559082,4.960000038146973,7000,ICCC,ImmuCell Corporation - Common Stock
2023-05-19,4.840000152587891,5.190000057220459,4.539999961853027,4.960000038146973,22200,ICCC,ImmuCell Corporation - Common Stock
2023-05-22,4.900000095367432,4.960000038146973,4.78000020980835,4.920000076293945,10900,ICCC,ImmuCell Corporation - Common Stock
2023-05-23,4.96999979019165,4.96999979019165,4.900000095367432,4.940000057220459,1200,ICCC,ImmuCell Corporation - Common Stock
2023-05-24,5.130000114440918,5.130000114440918,4.800000190734863,5.010000228881836,18900,ICCC,ImmuCell Corporation - Common Stock
2023-05-25,5.150000095367432,5.25,5.059999942779541,5.059999942779541,8100,ICCC,ImmuCell Corporation - Common Stock
2023-05-26,5.349999904632568,5.349999904632568,5.199999809265137,5.199999809265137,5300,ICCC,ImmuCell Corporation - Common Stock
2023-05-30,5.059999942779541,5.190000057220459,5.050000190734863,5.079999923706055,2500,ICCC,ImmuCell Corporation - Common Stock
2023-05-31,4.769999980926514,5.239999771118164,4.590000152587891,4.590000152587891,4000,ICCC,ImmuCell Corporation - Common Stock
2023-06-01,5.0,5.0,4.670000076293945,4.75,8400,ICCC,ImmuCell Corporation - Common Stock
2023-06-02,5.199999809265137,5.199999809265137,5.0,5.0,9000,ICCC,ImmuCell Corporation - Common Stock
2023-06-05,5.139999866485596,5.139999866485596,5.050000190734863,5.050000190734863,1000,ICCC,ImmuCell Corporation - Common Stock
2023-06-06,5.090000152587891,5.119999885559082,5.059999942779541,5.099999904632568,2400,ICCC,ImmuCell Corporation - Common Stock
2023-06-07,5.110000133514404,5.190000057220459,5.090000152587891,5.090000152587891,2500,ICCC,ImmuCell Corporation - Common Stock
2023-06-08,5.170000076293945,5.21999979019165,5.050000190734863,5.050000190734863,4000,ICCC,ImmuCell Corporation - Common Stock
2023-06-09,5.300000190734863,5.449999809265137,5.199999809265137,5.199999809265137,17500,ICCC,ImmuCell Corporation - Common Stock
2023-06-12,5.690000057220459,5.840000152587891,5.320000171661377,5.320000171661377,15600,ICCC,ImmuCell Corporation - Common Stock
2023-06-13,5.570000171661377,6.050000190734863,5.5,5.590000152587891,11200,ICCC,ImmuCell Corporation - Common Stock
2023-06-14,5.510000228881836,5.78000020980835,5.5,5.769999980926514,14300,ICCC,ImmuCell Corporation - Common Stock
2023-06-15,5.510000228881836,5.760000228881836,5.420000076293945,5.599999904632568,9900,ICCC,ImmuCell Corporation - Common Stock
2023-06-16,5.980000019073486,6.019999980926514,5.300000190734863,5.699999809265137,21700,ICCC,ImmuCell Corporation - Common Stock
2023-06-20,5.840000152587891,5.980000019073486,5.75,5.980000019073486,5600,ICCC,ImmuCell Corporation - Common Stock
2023-06-21,5.730000019073486,5.889999866485596,5.659999847412109,5.679999828338623,2500,ICCC,ImmuCell Corporation - Common Stock
2023-06-22,5.739999771118164,5.889999866485596,5.710000038146973,5.710000038146973,5700,ICCC,ImmuCell Corporation - Common Stock
2023-06-23,5.849999904632568,5.889999866485596,5.579999923706055,5.849999904632568,8100,ICCC,ImmuCell Corporation - Common Stock
2023-06-26,5.630000114440918,5.840000152587891,5.480000019073486,5.840000152587891,9700,ICCC,ImmuCell Corporation - Common Stock
2023-06-27,5.699999809265137,5.880000114440918,5.400000095367432,5.400000095367432,19800,ICCC,ImmuCell Corporation - Common Stock
2023-06-28,5.110000133514404,5.5,5.0,5.400000095367432,51900,ICCC,ImmuCell Corporation - Common Stock
2023-06-29,4.949999809265137,5.440000057220459,4.909999847412109,5.110000133514404,35900,ICCC,ImmuCell Corporation - Common Stock
2023-06-30,5.0,5.110000133514404,4.949999809265137,5.099999904632568,51300,ICCC,ImmuCell Corporation - Common Stock
2023-07-03,5.159999847412109,5.199999809265137,5.150000095367432,5.199999809265137,700,ICCC,ImmuCell Corporation - Common Stock
2023-07-05,5.079999923706055,5.170000076293945,5.03000020980835,5.03000020980835,2200,ICCC,ImmuCell Corporation - Common Stock
2023-07-06,5.0,5.130000114440918,5.0,5.010000228881836,21800,ICCC,ImmuCell Corporation - Common Stock
2023-07-07,5.059999942779541,5.059999942779541,4.960000038146973,5.0,2200,ICCC,ImmuCell Corporation - Common Stock
2023-07-10,4.949999809265137,5.099999904632568,4.949999809265137,4.949999809265137,4000,ICCC,ImmuCell Corporation - Common Stock
2023-07-11,4.980000019073486,5.059999942779541,4.980000019073486,5.059999942779541,7300,ICCC,ImmuCell Corporation - Common Stock
2023-07-12,5.179999828338623,5.199999809265137,4.989999771118164,5.099999904632568,8500,ICCC,ImmuCell Corporation - Common Stock
2023-07-13,5.159999847412109,5.170000076293945,5.050000190734863,5.099999904632568,2900,ICCC,ImmuCell Corporation - Common Stock
2023-07-14,5.090000152587891,5.179999828338623,5.059999942779541,5.090000152587891,3600,ICCC,ImmuCell Corporation - Common Stock
2023-07-17,5.320000171661377,5.409999847412109,5.190000057220459,5.369999885559082,11500,ICCC,ImmuCell Corporation - Common Stock
2023-07-18,5.440000057220459,5.480000019073486,5.059999942779541,5.300000190734863,14800,ICCC,ImmuCell Corporation - Common Stock
2023-07-19,5.309999942779541,5.610000133514404,5.199999809265137,5.199999809265137,13300,ICCC,ImmuCell Corporation - Common Stock
2023-07-20,5.5,5.869999885559082,5.5,5.710000038146973,5800,ICCC,ImmuCell Corporation - Common Stock
2023-07-21,5.380000114440918,5.75,5.269999980926514,5.360000133514404,38900,ICCC,ImmuCell Corporation - Common Stock
2023-07-24,5.28000020980835,5.670000076293945,5.260000228881836,5.349999904632568,20900,ICCC,ImmuCell Corporation - Common Stock
2023-07-25,5.28000020980835,5.639999866485596,5.28000020980835,5.559999942779541,6800,ICCC,ImmuCell Corporation - Common Stock
2023-07-26,5.380000114440918,5.690000057220459,5.179999828338623,5.389999866485596,8300,ICCC,ImmuCell Corporation - Common Stock
2023-07-27,5.510000228881836,5.539999961853027,5.300000190734863,5.400000095367432,10800,ICCC,ImmuCell Corporation - Common Stock
2023-07-28,5.28000020980835,5.309999942779541,5.269999980926514,5.309999942779541,1600,ICCC,ImmuCell Corporation - Common Stock
2023-07-31,5.429999828338623,5.539999961853027,5.119999885559082,5.199999809265137,74000,ICCC,ImmuCell Corporation - Common Stock
2023-08-01,5.349999904632568,5.449999809265137,5.269999980926514,5.389999866485596,17400,ICCC,ImmuCell Corporation - Common Stock
2023-08-02,5.610000133514404,5.610000133514404,5.239999771118164,5.510000228881836,13100,ICCC,ImmuCell Corporation - Common Stock
2023-08-03,5.269999980926514,5.570000171661377,5.269999980926514,5.510000228881836,9600,ICCC,ImmuCell Corporation - Common Stock
2023-08-04,5.190000057220459,5.369999885559082,5.050000190734863,5.199999809265137,13800,ICCC,ImmuCell Corporation - Common Stock
2023-08-07,5.019999980926514,5.210000038146973,4.980000019073486,5.110000133514404,7500,ICCC,ImmuCell Corporation - Common Stock
2023-08-08,5.079999923706055,5.159999847412109,5.010000228881836,5.010000228881836,3200,ICCC,ImmuCell Corporation - Common Stock
2023-08-09,5.019999980926514,5.309999942779541,5.010000228881836,5.269999980926514,8200,ICCC,ImmuCell Corporation - Common Stock
2023-08-10,5.019999980926514,5.429999828338623,5.019999980926514,5.269999980926514,5600,ICCC,ImmuCell Corporation - Common Stock
2023-08-11,5.0,5.179999828338623,4.949999809265137,5.099999904632568,30700,ICCC,ImmuCell Corporation - Common Stock
2023-08-14,5.019999980926514,5.059999942779541,5.019999980926514,5.050000190734863,5200,ICCC,ImmuCell Corporation - Common Stock
2023-08-15,4.980000019073486,5.050000190734863,4.849999904632568,4.960000038146973,14100,ICCC,ImmuCell Corporation - Common Stock
2023-08-16,4.960000038146973,5.0,4.900000095367432,4.949999809265137,4900,ICCC,ImmuCell Corporation - Common Stock
2023-08-17,5.0,5.03000020980835,5.0,5.0,7200,ICCC,ImmuCell Corporation - Common Stock
2023-08-18,4.989999771118164,4.989999771118164,4.989999771118164,4.989999771118164,1700,ICCC,ImmuCell Corporation - Common Stock
2023-08-21,5.070000171661377,5.070000171661377,4.989999771118164,4.989999771118164,600,ICCC,ImmuCell Corporation - Common Stock
2023-08-22,4.75,5.070000171661377,4.710000038146973,4.989999771118164,5400,ICCC,ImmuCell Corporation - Common Stock
2023-08-23,4.789999961853027,4.909999847412109,4.610000133514404,4.889999866485596,9400,ICCC,ImmuCell Corporation - Common Stock
2023-08-24,4.739999771118164,4.989999771118164,4.739999771118164,4.989999771118164,2700,ICCC,ImmuCell Corporation - Common Stock
2023-08-25,4.690000057220459,4.789999961853027,4.519999980926514,4.590000152587891,7900,ICCC,ImmuCell Corporation - Common Stock
2023-08-28,4.53000020980835,4.849999904632568,4.409999847412109,4.75,70300,ICCC,ImmuCell Corporation - Common Stock
2023-08-29,4.650000095367432,4.679999828338623,4.46999979019165,4.550000190734863,37600,ICCC,ImmuCell Corporation - Common Stock
2023-08-30,4.550000190734863,4.599999904632568,4.449999809265137,4.53000020980835,7800,ICCC,ImmuCell Corporation - Common Stock
2023-08-31,4.610000133514404,4.699999809265137,4.510000228881836,4.579999923706055,12400,ICCC,ImmuCell Corporation - Common Stock
2023-09-01,4.559999942779541,4.599999904632568,4.559999942779541,4.559999942779541,6400,ICCC,ImmuCell Corporation - Common Stock
2023-09-05,4.679999828338623,4.679999828338623,4.639999866485596,4.679999828338623,5200,ICCC,ImmuCell Corporation - Common Stock
2023-09-06,4.679999828338623,4.840000152587891,4.619999885559082,4.690000057220459,8800,ICCC,ImmuCell Corporation - Common Stock
2023-09-07,4.639999866485596,4.809999942779541,4.619999885559082,4.619999885559082,13400,ICCC,ImmuCell Corporation - Common Stock
2023-09-08,4.630000114440918,4.849999904632568,4.630000114440918,4.699999809265137,7900,ICCC,ImmuCell Corporation - Common Stock
2023-09-11,4.849999904632568,4.949999809265137,4.659999847412109,4.659999847412109,22400,ICCC,ImmuCell Corporation - Common Stock
2023-09-12,4.849999904632568,4.900000095367432,4.829999923706055,4.849999904632568,3400,ICCC,ImmuCell Corporation - Common Stock
2023-09-13,4.699999809265137,4.989999771118164,4.699999809265137,4.849999904632568,34400,ICCC,ImmuCell Corporation - Common Stock
2023-09-14,4.880000114440918,4.989999771118164,4.840000152587891,4.989999771118164,9400,ICCC,ImmuCell Corporation - Common Stock
2023-09-15,5.360000133514404,5.360000133514404,4.929999828338623,4.929999828338623,31100,ICCC,ImmuCell Corporation - Common Stock
2023-09-18,5.300000190734863,5.550000190734863,5.099999904632568,5.099999904632568,27500,ICCC,ImmuCell Corporation - Common Stock
2023-09-19,5.289999961853027,5.480000019073486,5.139999866485596,5.239999771118164,61800,ICCC,ImmuCell Corporation - Common Stock
2023-09-20,5.25,5.489999771118164,5.139999866485596,5.139999866485596,3200,ICCC,ImmuCell Corporation - Common Stock
2023-09-21,5.21999979019165,5.340000152587891,5.099999904632568,5.099999904632568,2200,ICCC,ImmuCell Corporation - Common Stock
2023-09-22,5.420000076293945,5.449999809265137,5.119999885559082,5.119999885559082,26800,ICCC,ImmuCell Corporation - Common Stock
2023-09-25,5.340000152587891,5.489999771118164,5.199999809265137,5.349999904632568,18500,ICCC,ImmuCell Corporation - Common Stock
2023-09-26,5.400000095367432,5.579999923706055,5.400000095367432,5.46999979019165,2900,ICCC,ImmuCell Corporation - Common Stock
2023-09-27,5.349999904632568,5.639999866485596,5.300000190734863,5.619999885559082,50100,ICCC,ImmuCell Corporation - Common Stock
2023-09-28,5.260000228881836,5.519999980926514,5.199999809265137,5.260000228881836,37300,ICCC,ImmuCell Corporation - Common Stock
2023-09-29,5.340000152587891,5.340000152587891,5.110000133514404,5.300000190734863,2400,ICCC,ImmuCell Corporation - Common Stock
2023-10-02,5.239999771118164,5.239999771118164,5.139999866485596,5.139999866485596,18500,ICCC,ImmuCell Corporation - Common Stock
2023-10-03,5.260000228881836,5.349999904632568,5.059999942779541,5.150000095367432,7100,ICCC,ImmuCell Corporation - Common Stock
2023-10-04,5.309999942779541,5.409999847412109,5.099999904632568,5.179999828338623,40600,ICCC,ImmuCell Corporation - Common Stock
2023-10-05,5.239999771118164,5.389999866485596,5.21999979019165,5.309999942779541,25900,ICCC,ImmuCell Corporation - Common Stock
2023-10-06,5.449999809265137,5.449999809265137,5.28000020980835,5.28000020980835,8500,ICCC,ImmuCell Corporation - Common Stock
2023-10-09,5.329999923706055,5.440000057220459,5.260000228881836,5.260000228881836,4000,ICCC,ImmuCell Corporation - Common Stock
2023-10-10,5.210000038146973,5.269999980926514,5.050000190734863,5.050000190734863,9000,ICCC,ImmuCell Corporation - Common Stock
2023-10-11,5.0,5.199999809265137,5.0,5.0,26300,ICCC,ImmuCell Corporation - Common Stock
2023-10-12,5.070000171661377,5.139999866485596,4.900000095367432,4.900000095367432,2800,ICCC,ImmuCell Corporation - Common Stock
2023-10-13,5.019999980926514,5.03000020980835,4.820000171661377,4.989999771118164,4400,ICCC,ImmuCell Corporation - Common Stock
2023-10-16,4.989999771118164,5.190000057220459,4.849999904632568,4.900000095367432,16500,ICCC,ImmuCell Corporation - Common Stock
2023-10-17,4.949999809265137,5.019999980926514,4.909999847412109,5.010000228881836,11500,ICCC,ImmuCell Corporation - Common Stock
2023-10-18,4.949999809265137,5.130000114440918,4.849999904632568,4.849999904632568,2600,ICCC,ImmuCell Corporation - Common Stock
2023-10-19,5.010000228881836,5.059999942779541,4.849999904632568,5.059999942779541,2800,ICCC,ImmuCell Corporation - Common Stock
2023-10-20,4.909999847412109,4.909999847412109,4.849999904632568,4.849999904632568,1200,ICCC,ImmuCell Corporation - Common Stock
2023-10-23,4.53000020980835,4.920000076293945,4.380000114440918,4.920000076293945,23700,ICCC,ImmuCell Corporation - Common Stock
2023-10-24,4.800000190734863,4.989999771118164,4.710000038146973,4.730000019073486,20300,ICCC,ImmuCell Corporation - Common Stock
2023-10-25,4.820000171661377,4.989999771118164,4.820000171661377,4.980000019073486,19100,ICCC,ImmuCell Corporation - Common Stock
2023-10-26,4.840000152587891,4.849999904632568,4.760000228881836,4.849999904632568,14300,ICCC,ImmuCell Corporation - Common Stock
2023-10-27,4.760000228881836,4.809999942779541,4.550000190734863,4.789999961853027,81600,ICCC,ImmuCell Corporation - Common Stock
2023-10-30,4.929999828338623,4.929999828338623,4.809999942779541,4.900000095367432,25100,ICCC,ImmuCell Corporation - Common Stock
2023-10-31,5.050000190734863,5.119999885559082,4.880000114440918,4.880000114440918,9300,ICCC,ImmuCell Corporation - Common Stock
2023-11-01,5.099999904632568,5.179999828338623,4.800000190734863,5.090000152587891,19200,ICCC,ImmuCell Corporation - Common Stock
2023-11-02,5.099999904632568,5.429999828338623,5.03000020980835,5.03000020980835,13500,ICCC,ImmuCell Corporation - Common Stock
2023-11-03,5.170000076293945,5.21999979019165,5.110000133514404,5.110000133514404,6400,ICCC,ImmuCell Corporation - Common Stock
2023-11-06,5.239999771118164,5.300000190734863,5.110000133514404,5.300000190734863,5900,ICCC,ImmuCell Corporation - Common Stock
2023-11-07,5.440000057220459,5.440000057220459,5.159999847412109,5.159999847412109,13700,ICCC,ImmuCell Corporation - Common Stock
2023-11-08,5.46999979019165,5.550000190734863,5.300000190734863,5.300000190734863,19400,ICCC,ImmuCell Corporation - Common Stock
2023-11-09,5.460000038146973,5.460000038146973,5.320000171661377,5.460000038146973,700,ICCC,ImmuCell Corporation - Common Stock
2023-11-10,5.400000095367432,5.400000095367432,5.170000076293945,5.360000133514404,2200,ICCC,ImmuCell Corporation - Common Stock
2023-11-13,5.199999809265137,5.400000095367432,5.130000114440918,5.130000114440918,8300,ICCC,ImmuCell Corporation - Common Stock
2023-11-14,5.300000190734863,5.389999866485596,4.909999847412109,5.349999904632568,9400,ICCC,ImmuCell Corporation - Common Stock
2023-11-15,5.019999980926514,5.239999771118164,5.010000228881836,5.010000228881836,5100,ICCC,ImmuCell Corporation - Common Stock
2023-11-16,4.699999809265137,4.849999904632568,4.440000057220459,4.730000019073486,40600,ICCC,ImmuCell Corporation - Common Stock
2023-11-17,4.760000228881836,4.840000152587891,4.760000228881836,4.840000152587891,9300,ICCC,ImmuCell Corporation - Common Stock
2023-11-20,4.610000133514404,4.800000190734863,4.559999942779541,4.619999885559082,22200,ICCC,ImmuCell Corporation - Common Stock
2023-11-21,4.599999904632568,4.639999866485596,4.429999828338623,4.559999942779541,18800,ICCC,ImmuCell Corporation - Common Stock
2023-11-22,4.570000171661377,4.599999904632568,4.5,4.590000152587891,13800,ICCC,ImmuCell Corporation - Common Stock
2023-11-24,4.800000190734863,4.840000152587891,4.599999904632568,4.599999904632568,1600,ICCC,ImmuCell Corporation - Common Stock
2023-11-27,4.670000076293945,4.909999847412109,4.630000114440918,4.630000114440918,6700,ICCC,ImmuCell Corporation - Common Stock
2023-11-28,4.53000020980835,4.78000020980835,4.510000228881836,4.78000020980835,12400,ICCC,ImmuCell Corporation - Common Stock
2023-11-29,4.639999866485596,4.96999979019165,4.610000133514404,4.78000020980835,9100,ICCC,ImmuCell Corporation - Common Stock
2023-11-30,4.539999961853027,4.650000095367432,4.5,4.519999980926514,5900,ICCC,ImmuCell Corporation - Common Stock
2023-12-01,4.480000019073486,4.5,4.460000038146973,4.460000038146973,13200,ICCC,ImmuCell Corporation - Common Stock
2023-12-04,4.53000020980835,4.590000152587891,4.449999809265137,4.480000019073486,2100,ICCC,ImmuCell Corporation - Common Stock
2023-12-05,4.53000020980835,4.630000114440918,4.480000019073486,4.630000114440918,900,ICCC,ImmuCell Corporation - Common Stock
2023-12-06,4.550000190734863,4.630000114440918,4.460000038146973,4.46999979019165,13200,ICCC,ImmuCell Corporation - Common Stock
2023-12-07,4.460000038146973,4.579999923706055,4.449999809265137,4.449999809265137,3400,ICCC,ImmuCell Corporation - Common Stock
2023-12-08,4.550000190734863,4.550000190734863,4.449999809265137,4.5,13400,ICCC,ImmuCell Corporation - Common Stock
2023-12-11,4.449999809265137,4.46999979019165,4.369999885559082,4.460000038146973,29900,ICCC,ImmuCell Corporation - Common Stock
2023-12-12,4.5,4.590000152587891,4.340000152587891,4.53000020980835,11100,ICCC,ImmuCell Corporation - Common Stock
2023-12-13,4.53000020980835,4.599999904632568,4.409999847412109,4.409999847412109,5300,ICCC,ImmuCell Corporation - Common Stock
2023-12-14,4.539999961853027,4.650000095367432,4.539999961853027,4.610000133514404,5800,ICCC,ImmuCell Corporation - Common Stock
2023-12-15,4.579999923706055,4.670000076293945,4.519999980926514,4.519999980926514,4500,ICCC,ImmuCell Corporation - Common Stock
2023-12-18,4.539999961853027,4.809999942779541,4.510000228881836,4.809999942779541,4900,ICCC,ImmuCell Corporation - Common Stock
2023-12-19,4.610000133514404,4.650000095367432,4.449999809265137,4.5,8000,ICCC,ImmuCell Corporation - Common Stock
2023-12-20,4.789999961853027,4.789999961853027,4.579999923706055,4.579999923706055,6000,ICCC,ImmuCell Corporation - Common Stock
2023-12-21,4.570000171661377,4.840000152587891,4.539999961853027,4.789999961853027,25200,ICCC,ImmuCell Corporation - Common Stock
2023-12-22,4.679999828338623,4.699999809265137,4.579999923706055,4.679999828338623,6300,ICCC,ImmuCell Corporation - Common Stock
2023-12-26,4.739999771118164,4.880000114440918,4.599999904632568,4.599999904632568,21900,ICCC,ImmuCell Corporation - Common Stock
2023-12-27,4.710000038146973,4.800000190734863,4.670000076293945,4.800000190734863,9500,ICCC,ImmuCell Corporation - Common Stock
2023-12-28,4.949999809265137,4.980000019073486,4.710000038146973,4.710000038146973,4200,ICCC,ImmuCell Corporation - Common Stock
2023-12-29,5.090000152587891,5.099999904632568,4.800000190734863,4.929999828338623,10400,ICCC,ImmuCell Corporation - Common Stock
2024-01-02,5.0,5.039999961853027,4.929999828338623,4.929999828338623,2100,ICCC,ImmuCell Corporation - Common Stock
2024-01-03,4.96999979019165,4.96999979019165,4.96999979019165,4.96999979019165,500,ICCC,ImmuCell Corporation - Common Stock
2024-01-04,4.730000019073486,4.849999904632568,4.710000038146973,4.849999904632568,1700,ICCC,ImmuCell Corporation - Common Stock
2024-01-05,4.78000020980835,4.869999885559082,4.78000020980835,4.78000020980835,2900,ICCC,ImmuCell Corporation - Common Stock
2024-01-08,4.789999961853027,4.900000095367432,4.75,4.889999866485596,2200,ICCC,ImmuCell Corporation - Common Stock
2024-01-09,5.03000020980835,5.050000190734863,4.809999942779541,4.809999942779541,10200,ICCC,ImmuCell Corporation - Common Stock
2024-01-10,5.03000020980835,5.03000020980835,5.0,5.0,3400,ICCC,ImmuCell Corporation - Common Stock
2024-01-11,4.909999847412109,5.03000020980835,4.909999847412109,4.989999771118164,2600,ICCC,ImmuCell Corporation - Common Stock
2024-01-12,5.110000133514404,5.110000133514404,4.869999885559082,4.909999847412109,14000,ICCC,ImmuCell Corporation - Common Stock
2024-01-16,5.269999980926514,5.289999961853027,5.059999942779541,5.130000114440918,17100,ICCC,ImmuCell Corporation - Common Stock
2024-01-17,5.360000133514404,5.5,5.199999809265137,5.21999979019165,8800,ICCC,ImmuCell Corporation - Common Stock
2024-01-18,5.349999904632568,5.590000152587891,5.269999980926514,5.510000228881836,5300,ICCC,ImmuCell Corporation - Common Stock
2024-01-19,5.070000171661377,5.349999904632568,4.849999904632568,5.349999904632568,27500,ICCC,ImmuCell Corporation - Common Stock
2024-01-22,5.199999809265137,5.329999923706055,4.96999979019165,5.010000228881836,38900,ICCC,ImmuCell Corporation - Common Stock
2024-01-23,5.059999942779541,5.400000095367432,5.059999942779541,5.119999885559082,4500,ICCC,ImmuCell Corporation - Common Stock
2024-01-24,5.159999847412109,5.340000152587891,5.03000020980835,5.03000020980835,5800,ICCC,ImmuCell Corporation - Common Stock
2024-01-25,5.269999980926514,5.389999866485596,5.170000076293945,5.179999828338623,4000,ICCC,ImmuCell Corporation - Common Stock
2024-01-26,5.380000114440918,5.449999809265137,5.150000095367432,5.300000190734863,7000,ICCC,ImmuCell Corporation - Common Stock
2024-01-29,5.360000133514404,5.389999866485596,5.25,5.329999923706055,9900,ICCC,ImmuCell Corporation - Common Stock
2024-01-30,5.46999979019165,5.539999961853027,5.360000133514404,5.449999809265137,7800,ICCC,ImmuCell Corporation - Common Stock
2024-01-31,5.309999942779541,5.480000019073486,5.300000190734863,5.46999979019165,3200,ICCC,ImmuCell Corporation - Common Stock
2024-02-01,5.28000020980835,5.320000171661377,4.949999809265137,5.079999923706055,5200,ICCC,ImmuCell Corporation - Common Stock
2024-02-02,5.230000019073486,5.400000095367432,5.199999809265137,5.21999979019165,9500,ICCC,ImmuCell Corporation - Common Stock
2024-02-05,5.170000076293945,5.329999923706055,4.829999923706055,5.199999809265137,22300,ICCC,ImmuCell Corporation - Common Stock
2024-02-06,5.150000095367432,5.289999961853027,5.150000095367432,5.190000057220459,6000,ICCC,ImmuCell Corporation - Common Stock
2024-02-07,5.130000114440918,5.210000038146973,5.03000020980835,5.139999866485596,5200,ICCC,ImmuCell Corporation - Common Stock
2024-02-08,5.019999980926514,5.25,5.010000228881836,5.010000228881836,7800,ICCC,ImmuCell Corporation - Common Stock
2024-02-09,5.170000076293945,5.199999809265137,4.929999828338623,4.929999828338623,7100,ICCC,ImmuCell Corporation - Common Stock
2024-02-12,5.099999904632568,5.25,5.070000171661377,5.070000171661377,1300,ICCC,ImmuCell Corporation - Common Stock
2024-02-13,5.039999961853027,5.159999847412109,5.019999980926514,5.019999980926514,3600,ICCC,ImmuCell Corporation - Common Stock
2024-02-14,5.0,5.099999904632568,4.96999979019165,5.079999923706055,4000,ICCC,ImmuCell Corporation - Common Stock
2024-02-15,5.019999980926514,5.079999923706055,4.949999809265137,5.010000228881836,8400,ICCC,ImmuCell Corporation - Common Stock
2024-02-16,5.150000095367432,5.28000020980835,5.150000095367432,5.28000020980835,1900,ICCC,ImmuCell Corporation - Common Stock
2024-02-20,5.110000133514404,5.260000228881836,5.0,5.010000228881836,11600,ICCC,ImmuCell Corporation - Common Stock
2024-02-21,4.980000019073486,5.21999979019165,4.980000019073486,5.21999979019165,8900,ICCC,ImmuCell Corporation - Common Stock
2024-02-22,5.199999809265137,5.230000019073486,5.090000152587891,5.090000152587891,5200,ICCC,ImmuCell Corporation - Common Stock
2024-02-23,5.139999866485596,5.179999828338623,5.0,5.179999828338623,4000,ICCC,ImmuCell Corporation - Common Stock
2024-02-26,5.179999828338623,5.239999771118164,4.989999771118164,5.199999809265137,14400,ICCC,ImmuCell Corporation - Common Stock
2024-02-27,5.139999866485596,5.199999809265137,5.0,5.059999942779541,11900,ICCC,ImmuCell Corporation - Common Stock
2024-02-28,5.21999979019165,5.269999980926514,5.099999904632568,5.210000038146973,7600,ICCC,ImmuCell Corporation - Common Stock
2024-02-29,5.28000020980835,5.300000190734863,5.130000114440918,5.28000020980835,5500,ICCC,ImmuCell Corporation - Common Stock
2024-03-01,5.28000020980835,5.400000095367432,5.110000133514404,5.28000020980835,6200,ICCC,ImmuCell Corporation - Common Stock
2024-03-04,5.460000038146973,5.46999979019165,5.21999979019165,5.449999809265137,3600,ICCC,ImmuCell Corporation - Common Stock
2024-03-05,5.300000190734863,5.389999866485596,5.199999809265137,5.260000228881836,4000,ICCC,ImmuCell Corporation - Common Stock
2024-03-06,5.25,5.369999885559082,5.25,5.369999885559082,2200,ICCC,ImmuCell Corporation - Common Stock
2024-03-07,5.199999809265137,5.230000019073486,5.039999961853027,5.039999961853027,9000,ICCC,ImmuCell Corporation - Common Stock
2024-03-08,5.199999809265137,5.199999809265137,5.099999904632568,5.099999904632568,2500,ICCC,ImmuCell Corporation - Common Stock
2024-03-11,5.230000019073486,5.230000019073486,5.130000114440918,5.139999866485596,5200,ICCC,ImmuCell Corporation - Common Stock
2024-03-12,5.099999904632568,5.289999961853027,5.019999980926514,5.019999980926514,2800,ICCC,ImmuCell Corporation - Common Stock
2024-03-13,5.110000133514404,5.210000038146973,4.940000057220459,5.210000038146973,12500,ICCC,ImmuCell Corporation - Common Stock
2024-03-14,5.150000095367432,5.199999809265137,5.150000095367432,5.150000095367432,1000,ICCC,ImmuCell Corporation - Common Stock
2024-03-15,5.25,5.25,5.079999923706055,5.079999923706055,3100,ICCC,ImmuCell Corporation - Common Stock
2024-03-18,4.989999771118164,5.099999904632568,4.980000019073486,5.099999904632568,22000,ICCC,ImmuCell Corporation - Common Stock
2024-03-19,4.960000038146973,5.21999979019165,4.960000038146973,5.21999979019165,4700,ICCC,ImmuCell Corporation - Common Stock
2024-03-20,5.090000152587891,5.090000152587891,5.050000190734863,5.050000190734863,2900,ICCC,ImmuCell Corporation - Common Stock
2024-03-21,5.090000152587891,5.190000057220459,5.059999942779541,5.059999942779541,3100,ICCC,ImmuCell Corporation - Common Stock
2024-03-22,5.230000019073486,5.230000019073486,5.010000228881836,5.039999961853027,3600,ICCC,ImmuCell Corporation - Common Stock
2024-03-25,5.25,5.289999961853027,5.130000114440918,5.170000076293945,11400,ICCC,ImmuCell Corporation - Common Stock
2024-03-26,5.159999847412109,5.300000190734863,5.150000095367432,5.300000190734863,2100,ICCC,ImmuCell Corporation - Common Stock
2024-03-27,5.289999961853027,5.289999961853027,5.150000095367432,5.150000095367432,13100,ICCC,ImmuCell Corporation - Common Stock
2024-03-28,5.300000190734863,5.440000057220459,5.269999980926514,5.269999980926514,14700,ICCC,ImmuCell Corporation - Common Stock
2024-04-01,5.210000038146973,5.360000133514404,5.099999904632568,5.210000038146973,5900,ICCC,ImmuCell Corporation - Common Stock
2024-04-02,5.239999771118164,5.309999942779541,5.03000020980835,5.309999942779541,10600,ICCC,ImmuCell Corporation - Common Stock
2024-04-03,5.199999809265137,5.25,5.199999809265137,5.21999979019165,3900,ICCC,ImmuCell Corporation - Common Stock
2024-04-04,5.170000076293945,5.269999980926514,5.070000171661377,5.210000038146973,9100,ICCC,ImmuCell Corporation - Common Stock
2024-04-05,5.170000076293945,5.199999809265137,5.090000152587891,5.130000114440918,3100,ICCC,ImmuCell Corporation - Common Stock
2024-04-08,5.320000171661377,5.329999923706055,5.300000190734863,5.300000190734863,3100,ICCC,ImmuCell Corporation - Common Stock
2024-04-09,5.21999979019165,5.309999942779541,4.989999771118164,5.28000020980835,21400,ICCC,ImmuCell Corporation - Common Stock
2024-04-10,5.199999809265137,5.349999904632568,5.110000133514404,5.309999942779541,12900,ICCC,ImmuCell Corporation - Common Stock
2024-04-11,5.130000114440918,5.199999809265137,5.099999904632568,5.199999809265137,12000,ICCC,ImmuCell Corporation - Common Stock
2024-04-12,5.019999980926514,5.119999885559082,5.019999980926514,5.119999885559082,3100,ICCC,ImmuCell Corporation - Common Stock
2024-04-15,5.070000171661377,5.150000095367432,5.0,5.150000095367432,13100,ICCC,ImmuCell Corporation - Common Stock
2024-04-16,5.050000190734863,5.159999847412109,5.03000020980835,5.130000114440918,20000,ICCC,ImmuCell Corporation - Common Stock
2024-04-17,5.050000190734863,5.070000171661377,5.019999980926514,5.019999980926514,5900,ICCC,ImmuCell Corporation - Common Stock
2024-04-18,5.050000190734863,5.059999942779541,5.03000020980835,5.03000020980835,2500,ICCC,ImmuCell Corporation - Common Stock
2024-04-19,5.019999980926514,5.119999885559082,5.010000228881836,5.050000190734863,3200,ICCC,ImmuCell Corporation - Common Stock
2024-04-22,5.03000020980835,5.050000190734863,5.03000020980835,5.050000190734863,3300,ICCC,ImmuCell Corporation - Common Stock
2024-04-23,5.03000020980835,5.03000020980835,5.03000020980835,5.03000020980835,300,ICCC,ImmuCell Corporation - Common Stock
2024-04-24,5.039999961853027,5.059999942779541,4.820000171661377,5.059999942779541,7200,ICCC,ImmuCell Corporation - Common Stock
2024-04-25,5.099999904632568,5.130000114440918,5.03000020980835,5.130000114440918,6400,ICCC,ImmuCell Corporation - Common Stock
2024-04-26,5.139999866485596,5.139999866485596,5.099999904632568,5.099999904632568,1800,ICCC,ImmuCell Corporation - Common Stock
2024-04-29,5.099999904632568,5.199999809265137,5.059999942779541,5.199999809265137,10000,ICCC,ImmuCell Corporation - Common Stock
2024-04-30,4.909999847412109,5.130000114440918,4.909999847412109,5.130000114440918,18700,ICCC,ImmuCell Corporation - Common Stock
2024-05-01,5.0,5.159999847412109,5.0,5.110000133514404,28700,ICCC,ImmuCell Corporation - Common Stock
2024-05-02,5.0,5.050000190734863,4.989999771118164,5.03000020980835,10400,ICCC,ImmuCell Corporation - Common Stock
2024-05-03,5.03000020980835,5.150000095367432,5.0,5.019999980926514,6000,ICCC,ImmuCell Corporation - Common Stock
2024-05-06,5.090000152587891,5.210000038146973,5.039999961853027,5.170000076293945,29300,ICCC,ImmuCell Corporation - Common Stock
2024-05-07,5.110000133514404,5.190000057220459,5.0,5.090000152587891,10800,ICCC,ImmuCell Corporation - Common Stock
2024-05-08,5.25,5.309999942779541,5.059999942779541,5.059999942779541,21500,ICCC,ImmuCell Corporation - Common Stock
2024-05-09,5.289999961853027,5.309999942779541,5.099999904632568,5.099999904632568,2300,ICCC,ImmuCell Corporation - Common Stock
2024-05-10,5.440000057220459,5.440000057220459,5.320000171661377,5.320000171661377,2200,ICCC,ImmuCell Corporation - Common Stock
2024-05-13,5.269999980926514,5.5,5.269999980926514,5.460000038146973,23500,ICCC,ImmuCell Corporation - Common Stock
2024-05-14,5.480000019073486,5.5,5.260000228881836,5.260000228881836,9200,ICCC,ImmuCell Corporation - Common Stock
2024-05-15,4.880000114440918,5.28000020980835,4.5,5.28000020980835,67100,ICCC,ImmuCell Corporation - Common Stock
2024-05-16,4.800000190734863,4.929999828338623,4.75,4.800000190734863,23500,ICCC,ImmuCell Corporation - Common Stock
2024-05-17,4.809999942779541,4.949999809265137,4.670000076293945,4.789999961853027,27100,ICCC,ImmuCell Corporation - Common Stock
2024-05-20,4.739999771118164,4.929999828338623,4.599999904632568,4.929999828338623,26400,ICCC,ImmuCell Corporation - Common Stock
2024-05-21,4.760000228881836,4.889999866485596,4.519999980926514,4.760000228881836,15400,ICCC,ImmuCell Corporation - Common Stock
2024-05-22,4.710000038146973,4.789999961853027,4.710000038146973,4.789999961853027,10400,ICCC,ImmuCell Corporation - Common Stock
2024-05-23,4.559999942779541,4.699999809265137,4.559999942779541,4.650000095367432,4800,ICCC,ImmuCell Corporation - Common Stock
2024-05-24,4.539999961853027,4.570000171661377,4.349999904632568,4.550000190734863,12700,ICCC,ImmuCell Corporation - Common Stock
2024-05-28,4.389999866485596,4.550000190734863,4.369999885559082,4.539999961853027,29200,ICCC,ImmuCell Corporation - Common Stock
2024-05-29,4.369999885559082,4.409999847412109,4.349999904632568,4.409999847412109,8900,ICCC,ImmuCell Corporation - Common Stock
2024-05-30,4.360000133514404,4.5,4.360000133514404,4.440000057220459,5800,ICCC,ImmuCell Corporation - Common Stock
2024-05-31,4.25,4.369999885559082,4.25,4.369999885559082,21000,ICCC,ImmuCell Corporation - Common Stock
2024-06-03,4.389999866485596,4.389999866485596,4.320000171661377,4.380000114440918,5400,ICCC,ImmuCell Corporation - Common Stock
2024-06-04,4.300000190734863,4.449999809265137,4.199999809265137,4.269999980926514,10000,ICCC,ImmuCell Corporation - Common Stock
2024-06-05,4.510000228881836,4.510000228881836,4.309999942779541,4.429999828338623,19200,ICCC,ImmuCell Corporation - Common Stock
2024-06-06,4.599999904632568,4.900000095367432,4.489999771118164,4.489999771118164,10100,ICCC,ImmuCell Corporation - Common Stock
2024-06-07,4.489999771118164,4.739999771118164,4.400000095367432,4.739999771118164,8900,ICCC,ImmuCell Corporation - Common Stock
2024-06-10,4.289999961853027,4.739999771118164,4.239999771118164,4.510000228881836,7400,ICCC,ImmuCell Corporation - Common Stock
2024-06-11,4.320000171661377,4.349999904632568,4.239999771118164,4.260000228881836,9400,ICCC,ImmuCell Corporation - Common Stock
2024-06-12,4.28000020980835,4.320000171661377,4.210000038146973,4.21999979019165,2500,ICCC,ImmuCell Corporation - Common Stock
2024-06-13,4.210000038146973,4.260000228881836,4.150000095367432,4.210000038146973,12700,ICCC,ImmuCell Corporation - Common Stock
2024-06-14,4.179999828338623,4.199999809265137,4.150000095367432,4.150000095367432,5500,ICCC,ImmuCell Corporation - Common Stock
2024-06-17,4.300000190734863,4.320000171661377,4.059999942779541,4.199999809265137,15900,ICCC,ImmuCell Corporation - Common Stock
2024-06-18,4.25,4.46999979019165,4.159999847412109,4.460000038146973,2500,ICCC,ImmuCell Corporation - Common Stock
2024-06-20,4.349999904632568,4.349999904632568,4.130000114440918,4.130000114440918,8400,ICCC,ImmuCell Corporation - Common Stock
2024-06-21,4.519999980926514,4.519999980926514,4.050000190734863,4.050000190734863,10000,ICCC,ImmuCell Corporation - Common Stock
2024-06-24,4.510000228881836,4.519999980926514,4.400000095367432,4.46999979019165,3800,ICCC,ImmuCell Corporation - Common Stock
2024-06-25,4.519999980926514,4.570000171661377,4.409999847412109,4.409999847412109,2900,ICCC,ImmuCell Corporation - Common Stock
2024-06-26,4.5,4.5,4.260000228881836,4.460000038146973,13800,ICCC,ImmuCell Corporation - Common Stock
2024-06-27,4.360000133514404,4.389999866485596,4.360000133514404,4.369999885559082,800,ICCC,ImmuCell Corporation - Common Stock
2024-06-28,4.849999904632568,4.849999904632568,4.389999866485596,4.400000095367432,11600,ICCC,ImmuCell Corporation - Common Stock
2024-07-01,4.460000038146973,4.460000038146973,4.460000038146973,4.460000038146973,900,ICCC,ImmuCell Corporation - Common Stock
2024-07-02,4.099999904632568,4.559999942779541,4.099999904632568,4.559999942779541,4900,ICCC,ImmuCell Corporation - Common Stock
2024-07-03,4.28000020980835,4.300000190734863,4.260000228881836,4.260000228881836,2100,ICCC,ImmuCell Corporation - Common Stock
2024-07-05,4.28000020980835,4.300000190734863,4.199999809265137,4.300000190734863,5400,ICCC,ImmuCell Corporation - Common Stock
2024-07-08,4.289999961853027,4.289999961853027,4.150000095367432,4.150000095367432,8100,ICCC,ImmuCell Corporation - Common Stock
2024-07-09,4.289999961853027,4.289999961853027,4.150000095367432,4.150000095367432,9900,ICCC,ImmuCell Corporation - Common Stock
2024-07-10,4.190000057220459,4.300000190734863,4.150000095367432,4.159999847412109,20200,ICCC,ImmuCell Corporation - Common Stock
2024-07-11,4.21999979019165,4.300000190734863,4.21999979019165,4.230000019073486,4200,ICCC,ImmuCell Corporation - Common Stock
2024-07-12,4.300000190734863,4.300000190734863,4.190000057220459,4.25,2000,ICCC,ImmuCell Corporation - Common Stock
2024-07-15,4.239999771118164,4.269999980926514,4.190000057220459,4.190000057220459,2000,ICCC,ImmuCell Corporation - Common Stock
2024-07-16,4.269999980926514,4.269999980926514,4.210000038146973,4.210000038146973,1900,ICCC,ImmuCell Corporation - Common Stock
2024-07-17,4.289999961853027,4.289999961853027,4.190000057220459,4.210000038146973,4900,ICCC,ImmuCell Corporation - Common Stock
2024-07-18,4.199999809265137,4.269999980926514,4.190000057220459,4.25,1000,ICCC,ImmuCell Corporation - Common Stock
2024-07-19,4.159999847412109,4.25,4.159999847412109,4.25,5800,ICCC,ImmuCell Corporation - Common Stock
2024-07-22,4.190000057220459,4.210000038146973,4.099999904632568,4.159999847412109,14800,ICCC,ImmuCell Corporation - Common Stock
2024-07-23,4.150000095367432,4.199999809265137,4.050000190734863,4.110000133514404,23000,ICCC,ImmuCell Corporation - Common Stock
2024-07-24,4.059999942779541,4.110000133514404,4.059999942779541,4.110000133514404,5900,ICCC,ImmuCell Corporation - Common Stock
2024-07-25,4.159999847412109,4.159999847412109,4.019999980926514,4.110000133514404,20400,ICCC,ImmuCell Corporation - Common Stock
2024-07-26,4.050000190734863,4.119999885559082,4.050000190734863,4.119999885559082,1400,ICCC,ImmuCell Corporation - Common Stock
2024-07-29,4.0,4.159999847412109,3.9200000762939453,4.079999923706055,17200,ICCC,ImmuCell Corporation - Common Stock
2024-07-30,4.170000076293945,4.170000076293945,4.0,4.010000228881836,1400,ICCC,ImmuCell Corporation - Common Stock
2024-07-31,4.059999942779541,4.099999904632568,4.0,4.059999942779541,3000,ICCC,ImmuCell Corporation - Common Stock
2024-08-01,4.0,4.090000152587891,3.9600000381469727,4.059999942779541,8900,ICCC,ImmuCell Corporation - Common Stock
2024-08-02,3.819999933242798,4.119999885559082,3.75,3.9700000286102295,39900,ICCC,ImmuCell Corporation - Common Stock
2024-08-05,3.700000047683716,3.859999895095825,3.619999885559082,3.619999885559082,16200,ICCC,ImmuCell Corporation - Common Stock
2024-08-06,3.690000057220459,4.0,3.6500000953674316,3.799999952316284,10700,ICCC,ImmuCell Corporation - Common Stock
2024-08-07,3.75,3.799999952316284,3.7100000381469727,3.7100000381469727,2700,ICCC,ImmuCell Corporation - Common Stock
2024-08-08,3.7699999809265137,3.950000047683716,3.5,3.75,35100,ICCC,ImmuCell Corporation - Common Stock
2024-08-09,3.7799999713897705,3.8499999046325684,3.75,3.75,3000,ICCC,ImmuCell Corporation - Common Stock
2024-08-12,3.930000066757202,3.930000066757202,3.7699999809265137,3.9000000953674316,1700,ICCC,ImmuCell Corporation - Common Stock
2024-08-13,3.759999990463257,3.9200000762939453,3.700000047683716,3.9100000858306885,3600,ICCC,ImmuCell Corporation - Common Stock
2024-08-14,3.5999999046325684,3.799999952316284,3.5799999237060547,3.799999952316284,5500,ICCC,ImmuCell Corporation - Common Stock
2024-08-15,3.690000057220459,3.690000057220459,3.509999990463257,3.6500000953674316,9200,ICCC,ImmuCell Corporation - Common Stock
2024-08-16,3.6700000762939453,3.740000009536743,3.5199999809265137,3.5399999618530273,7400,ICCC,ImmuCell Corporation - Common Stock
2024-08-19,3.700000047683716,3.7300000190734863,3.6500000953674316,3.6700000762939453,13100,ICCC,ImmuCell Corporation - Common Stock
2024-08-20,3.6600000858306885,3.740000009536743,3.6600000858306885,3.700000047683716,15500,ICCC,ImmuCell Corporation - Common Stock
2024-08-21,3.680000066757202,3.7300000190734863,3.5299999713897705,3.690000057220459,326600,ICCC,ImmuCell Corporation - Common Stock
2024-08-22,3.5999999046325684,3.700000047683716,3.5199999809265137,3.6600000858306885,77200,ICCC,ImmuCell Corporation - Common Stock
2024-08-23,3.680000066757202,3.75,3.5199999809265137,3.559999942779541,119800,ICCC,ImmuCell Corporation - Common Stock
2024-08-26,3.6500000953674316,3.75,3.6500000953674316,3.7300000190734863,36200,ICCC,ImmuCell Corporation - Common Stock
2024-08-27,4.139999866485596,4.179999828338623,3.680000066757202,3.700000047683716,101500,ICCC,ImmuCell Corporation - Common Stock
2024-08-28,3.799999952316284,4.179999828338623,3.549999952316284,4.039999961853027,88500,ICCC,ImmuCell Corporation - Common Stock
2024-08-29,3.809999942779541,4.050000190734863,3.740000009536743,3.759999990463257,52900,ICCC,ImmuCell Corporation - Common Stock
2024-08-30,3.740000009536743,4.0,3.740000009536743,3.75,39700,ICCC,ImmuCell Corporation - Common Stock
2024-09-03,3.7699999809265137,3.8399999141693115,3.6600000858306885,3.6600000858306885,32200,ICCC,ImmuCell Corporation - Common Stock
2024-09-04,3.809999942779541,3.819999933242798,3.740000009536743,3.7699999809265137,38900,ICCC,ImmuCell Corporation - Common Stock
2024-09-05,3.819999933242798,3.9800000190734863,3.740000009536743,3.809999942779541,221600,ICCC,ImmuCell Corporation - Common Stock
2024-09-06,3.990000009536743,4.019999980926514,3.809999942779541,3.809999942779541,131400,ICCC,ImmuCell Corporation - Common Stock
2024-09-09,3.869999885559082,4.119999885559082,3.869999885559082,4.019999980926514,190000,ICCC,ImmuCell Corporation - Common Stock
2024-09-10,3.799999952316284,4.28000020980835,3.7699999809265137,4.28000020980835,57900,ICCC,ImmuCell Corporation - Common Stock
2024-09-11,3.7899999618530273,3.9700000286102295,3.7699999809265137,3.799999952316284,15200,ICCC,ImmuCell Corporation - Common Stock
2024-09-12,3.630000114440918,3.9600000381469727,3.509999990463257,3.799999952316284,141000,ICCC,ImmuCell Corporation - Common Stock
2024-09-13,3.630000114440918,3.7300000190734863,3.5899999141693115,3.6500000953674316,18700,ICCC,ImmuCell Corporation - Common Stock
2024-09-16,3.5799999237060547,3.940000057220459,3.5,3.7799999713897705,34000,ICCC,ImmuCell Corporation - Common Stock
2024-09-17,3.7100000381469727,3.740000009536743,3.3399999141693115,3.5899999141693115,105600,ICCC,ImmuCell Corporation - Common Stock
2024-09-18,3.5999999046325684,3.880000114440918,3.4600000381469727,3.5999999046325684,42300,ICCC,ImmuCell Corporation - Common Stock
2024-09-19,3.630000114440918,3.890000104904175,3.5299999713897705,3.6700000762939453,21200,ICCC,ImmuCell Corporation - Common Stock
2024-09-20,3.5999999046325684,3.690000057220459,3.4600000381469727,3.640000104904175,27300,ICCC,ImmuCell Corporation - Common Stock
2024-09-23,3.5999999046325684,3.7699999809265137,3.5999999046325684,3.6500000953674316,21900,ICCC,ImmuCell Corporation - Common Stock
2024-09-24,3.5299999713897705,3.7300000190734863,3.490000009536743,3.7300000190734863,12400,ICCC,ImmuCell Corporation - Common Stock
2024-09-25,3.619999885559082,3.75,3.5999999046325684,3.6500000953674316,22700,ICCC,ImmuCell Corporation - Common Stock
2024-09-26,3.609999895095825,3.700000047683716,3.559999942779541,3.700000047683716,8400,ICCC,ImmuCell Corporation - Common Stock
2024-09-27,3.549999952316284,3.6700000762939453,3.5399999618530273,3.5399999618530273,16700,ICCC,ImmuCell Corporation - Common Stock
2024-09-30,3.630000114440918,3.6500000953674316,3.5,3.5,14300,ICCC,ImmuCell Corporation - Common Stock
2024-10-01,3.6500000953674316,3.75,3.569999933242798,3.6600000858306885,32700,ICCC,ImmuCell Corporation - Common Stock
2024-10-02,3.609999895095825,3.700000047683716,3.5999999046325684,3.6500000953674316,15500,ICCC,ImmuCell Corporation - Common Stock
2024-10-03,3.6500000953674316,3.9000000953674316,3.609999895095825,3.8399999141693115,30600,ICCC,ImmuCell Corporation - Common Stock
2024-10-04,3.6500000953674316,3.819999933242798,3.6500000953674316,3.700000047683716,10800,ICCC,ImmuCell Corporation - Common Stock
2024-10-07,3.75,3.799999952316284,3.6500000953674316,3.6700000762939453,13800,ICCC,ImmuCell Corporation - Common Stock
2024-10-08,3.6600000858306885,3.8299999237060547,3.6500000953674316,3.700000047683716,26400,ICCC,ImmuCell Corporation - Common Stock
2024-10-09,3.6500000953674316,3.8399999141693115,3.4700000286102295,3.680000066757202,71700,ICCC,ImmuCell Corporation - Common Stock
2024-10-10,3.700000047683716,3.799999952316284,3.559999942779541,3.680000066757202,45300,ICCC,ImmuCell Corporation - Common Stock
2024-10-11,3.609999895095825,3.7300000190734863,3.559999942779541,3.7300000190734863,19800,ICCC,ImmuCell Corporation - Common Stock
2024-10-14,3.569999933242798,3.740000009536743,3.569999933242798,3.680000066757202,3000,ICCC,ImmuCell Corporation - Common Stock
2024-10-15,3.549999952316284,3.640000104904175,3.549999952316284,3.630000114440918,25900,ICCC,ImmuCell Corporation - Common Stock
2024-10-16,3.559999942779541,3.630000114440918,3.509999990463257,3.549999952316284,13700,ICCC,ImmuCell Corporation - Common Stock
2024-10-17,3.630000114440918,3.640000104904175,3.5199999809265137,3.5199999809265137,5500,ICCC,ImmuCell Corporation - Common Stock
2024-10-18,3.690000057220459,3.690000057220459,3.619999885559082,3.6500000953674316,2800,ICCC,ImmuCell Corporation - Common Stock
2024-10-21,3.549999952316284,3.690000057220459,3.549999952316284,3.6500000953674316,7600,ICCC,ImmuCell Corporation - Common Stock
2024-10-22,3.609999895095825,3.6700000762939453,3.559999942779541,3.559999942779541,16900,ICCC,ImmuCell Corporation - Common Stock
2024-10-23,3.6500000953674316,3.6500000953674316,3.5999999046325684,3.619999885559082,3900,ICCC,ImmuCell Corporation - Common Stock
2024-10-24,3.5799999237060547,3.680000066757202,3.5799999237060547,3.6500000953674316,18200,ICCC,ImmuCell Corporation - Common Stock
2024-10-25,3.619999885559082,3.6700000762939453,3.5799999237060547,3.630000114440918,7900,ICCC,ImmuCell Corporation - Common Stock
2024-10-28,3.569999933242798,3.619999885559082,3.569999933242798,3.569999933242798,2700,ICCC,ImmuCell Corporation - Common Stock
2024-10-29,3.5899999141693115,3.6700000762939453,3.569999933242798,3.569999933242798,12700,ICCC,ImmuCell Corporation - Common Stock
2024-10-30,3.6700000762939453,3.6700000762939453,3.640000104904175,3.640000104904175,2800,ICCC,ImmuCell Corporation - Common Stock
2024-10-31,3.609999895095825,3.619999885559082,3.559999942779541,3.5999999046325684,13800,ICCC,ImmuCell Corporation - Common Stock
2024-11-01,3.5799999237060547,3.6500000953674316,3.559999942779541,3.559999942779541,24500,ICCC,ImmuCell Corporation - Common Stock
2024-11-04,3.5899999141693115,3.6500000953674316,3.549999952316284,3.549999952316284,21900,ICCC,ImmuCell Corporation - Common Stock
2024-11-05,3.640000104904175,3.700000047683716,3.509999990463257,3.509999990463257,38500,ICCC,ImmuCell Corporation - Common Stock
2024-11-06,3.5299999713897705,3.809999942779541,3.5299999713897705,3.569999933242798,45100,ICCC,ImmuCell Corporation - Common Stock
2024-11-07,3.5299999713897705,3.6500000953674316,3.5299999713897705,3.6500000953674316,13000,ICCC,ImmuCell Corporation - Common Stock
2024-11-08,3.5399999618530273,3.630000114440918,3.5399999618530273,3.559999942779541,9800,ICCC,ImmuCell Corporation - Common Stock
2024-11-11,3.5299999713897705,3.6500000953674316,3.5299999713897705,3.609999895095825,12700,ICCC,ImmuCell Corporation - Common Stock
2024-11-12,3.6500000953674316,3.700000047683716,3.5299999713897705,3.569999933242798,11600,ICCC,ImmuCell Corporation - Common Stock
2024-11-13,3.5299999713897705,3.700000047683716,3.5299999713897705,3.700000047683716,10900,ICCC,ImmuCell Corporation - Common Stock
2024-11-14,3.5999999046325684,3.5999999046325684,3.380000114440918,3.5,17400,ICCC,ImmuCell Corporation - Common Stock
2024-11-15,3.609999895095825,3.640000104904175,3.5299999713897705,3.5299999713897705,3000,ICCC,ImmuCell Corporation - Common Stock
2024-11-18,3.5399999618530273,3.619999885559082,3.5299999713897705,3.5299999713897705,2800,ICCC,ImmuCell Corporation - Common Stock
2024-11-19,3.5999999046325684,3.6500000953674316,3.5,3.619999885559082,12400,ICCC,ImmuCell Corporation - Common Stock
2024-11-20,3.5999999046325684,3.690000057220459,3.4000000953674316,3.4000000953674316,8000,ICCC,ImmuCell Corporation - Common Stock
2024-11-21,3.6600000858306885,3.759999990463257,3.559999942779541,3.559999942779541,16900,ICCC,ImmuCell Corporation - Common Stock
2024-11-22,3.690000057220459,3.75,3.6500000953674316,3.700000047683716,24900,ICCC,ImmuCell Corporation - Common Stock
2024-11-25,3.740000009536743,3.759999990463257,3.6500000953674316,3.690000057220459,21000,ICCC,ImmuCell Corporation - Common Stock
2024-11-26,3.700000047683716,3.8499999046325684,3.6700000762939453,3.690000057220459,90600,ICCC,ImmuCell Corporation - Common Stock
2024-11-27,3.7200000286102295,3.7899999618530273,3.549999952316284,3.6600000858306885,15100,ICCC,ImmuCell Corporation - Common Stock
2024-11-29,4.119999885559082,4.199999809265137,3.75,3.9000000953674316,17000,ICCC,ImmuCell Corporation - Common Stock
2024-12-02,4.130000114440918,4.340000152587891,4.099999904632568,4.099999904632568,13500,ICCC,ImmuCell Corporation - Common Stock
2024-12-03,4.579999923706055,4.71999979019165,4.190000057220459,4.349999904632568,26400,ICCC,ImmuCell Corporation - Common Stock
2024-12-04,4.940000057220459,5.230000019073486,4.610000133514404,4.760000228881836,42000,ICCC,ImmuCell Corporation - Common Stock
2024-12-05,4.46999979019165,5.130000114440918,4.46999979019165,4.820000171661377,14200,ICCC,ImmuCell Corporation - Common Stock
2024-12-06,4.840000152587891,4.840000152587891,4.400000095367432,4.550000190734863,6000,ICCC,ImmuCell Corporation - Common Stock
2024-12-09,4.989999771118164,5.170000076293945,4.840000152587891,4.869999885559082,11500,ICCC,ImmuCell Corporation - Common Stock
2024-12-10,4.889999866485596,4.960000038146973,4.710000038146973,4.909999847412109,7100,ICCC,ImmuCell Corporation - Common Stock
2024-12-11,4.519999980926514,5.820000171661377,4.519999980926514,4.71999979019165,37600,ICCC,ImmuCell Corporation - Common Stock
2024-12-12,4.639999866485596,4.840000152587891,4.599999904632568,4.599999904632568,6700,ICCC,ImmuCell Corporation - Common Stock
2024-12-13,4.920000076293945,5.03000020980835,4.579999923706055,4.579999923706055,3700,ICCC,ImmuCell Corporation - Common Stock
2024-12-16,4.690000057220459,4.960000038146973,4.610000133514404,4.820000171661377,7700,ICCC,ImmuCell Corporation - Common Stock
2024-12-17,4.849999904632568,5.230000019073486,4.599999904632568,4.630000114440918,86200,ICCC,ImmuCell Corporation - Common Stock
2024-12-18,4.429999828338623,4.949999809265137,4.429999828338623,4.949999809265137,9700,ICCC,ImmuCell Corporation - Common Stock
2024-12-19,4.579999923706055,4.920000076293945,4.550000190734863,4.550000190734863,8000,ICCC,ImmuCell Corporation - Common Stock
2024-12-20,4.409999847412109,4.630000114440918,4.380000114440918,4.510000228881836,24500,ICCC,ImmuCell Corporation - Common Stock
2024-12-23,4.710000038146973,4.880000114440918,4.710000038146973,4.880000114440918,2200,ICCC,ImmuCell Corporation - Common Stock
2024-12-24,4.610000133514404,4.789999961853027,4.610000133514404,4.71999979019165,1200,ICCC,ImmuCell Corporation - Common Stock
2024-12-26,4.75,5.039999961853027,4.610000133514404,4.769999980926514,8700,ICCC,ImmuCell Corporation - Common Stock
2024-12-27,4.980000019073486,4.980000019073486,4.75,4.929999828338623,4700,ICCC,ImmuCell Corporation - Common Stock
2024-12-30,4.820000171661377,5.389999866485596,4.75,4.840000152587891,39100,ICCC,ImmuCell Corporation - Common Stock
2024-12-31,5.150000095367432,5.25,4.940000057220459,5.25,2900,ICCC,ImmuCell Corporation - Common Stock
2025-01-02,5.21999979019165,5.300000190734863,5.010000228881836,5.099999904632568,10500,ICCC,ImmuCell Corporation - Common Stock
2025-01-03,5.150000095367432,5.199999809265137,5.150000095367432,5.199999809265137,2000,ICCC,ImmuCell Corporation - Common Stock
2025-01-06,5.489999771118164,5.489999771118164,4.940000057220459,4.940000057220459,13200,ICCC,ImmuCell Corporation - Common Stock
2025-01-07,5.409999847412109,5.480000019073486,5.199999809265137,5.480000019073486,14100,ICCC,ImmuCell Corporation - Common Stock
2025-01-08,5.170000076293945,5.309999942779541,4.960000038146973,5.300000190734863,13300,ICCC,ImmuCell Corporation - Common Stock
2025-01-10,5.190000057220459,5.5,5.0,5.210000038146973,6900,ICCC,ImmuCell Corporation - Common Stock
2025-01-13,5.329999923706055,5.400000095367432,5.190000057220459,5.190000057220459,1700,ICCC,ImmuCell Corporation - Common Stock
2025-01-14,5.179999828338623,5.230000019073486,5.03000020980835,5.03000020980835,1400,ICCC,ImmuCell Corporation - Common Stock
2025-01-15,5.289999961853027,5.300000190734863,5.0,5.179999828338623,2600,ICCC,ImmuCell Corporation - Common Stock
2025-01-16,5.230000019073486,5.340000152587891,4.860000133514404,5.210000038146973,27000,ICCC,ImmuCell Corporation - Common Stock
2025-01-17,5.5,5.5,4.940000057220459,4.949999809265137,5700,ICCC,ImmuCell Corporation - Common Stock
2025-01-21,5.380000114440918,5.400000095367432,4.940000057220459,4.940000057220459,13200,ICCC,ImmuCell Corporation - Common Stock
2025-01-22,5.110000133514404,5.5,5.019999980926514,5.130000114440918,7600,ICCC,ImmuCell Corporation - Common Stock
2025-01-23,5.480000019073486,5.480000019073486,5.400000095367432,5.400000095367432,1100,ICCC,ImmuCell Corporation - Common Stock
2025-01-24,5.110000133514404,5.25,5.019999980926514,5.25,3300,ICCC,ImmuCell Corporation - Common Stock
2025-01-27,5.239999771118164,5.25,5.239999771118164,5.25,900,ICCC,ImmuCell Corporation - Common Stock
2025-01-28,5.369999885559082,5.369999885559082,5.130000114440918,5.130000114440918,5700,ICCC,ImmuCell Corporation - Common Stock
2025-01-29,5.400000095367432,5.400000095367432,5.0,5.0,3000,ICCC,ImmuCell Corporation - Common Stock
2025-01-30,5.440000057220459,5.5,5.269999980926514,5.489999771118164,5600,ICCC,ImmuCell Corporation - Common Stock
2025-01-31,5.400000095367432,5.440000057220459,5.199999809265137,5.360000133514404,5400,ICCC,ImmuCell Corporation - Common Stock
2025-02-03,5.019999980926514,5.360000133514404,4.900000095367432,4.949999809265137,11200,ICCC,ImmuCell Corporation - Common Stock
2025-02-04,5.199999809265137,5.199999809265137,4.889999866485596,4.96999979019165,3400,ICCC,ImmuCell Corporation - Common Stock
2025-02-05,5.300000190734863,5.360000133514404,5.039999961853027,5.039999961853027,2000,ICCC,ImmuCell Corporation - Common Stock
2025-02-06,5.360000133514404,5.360000133514404,5.099999904632568,5.099999904632568,2900,ICCC,ImmuCell Corporation - Common Stock
2025-02-07,5.110000133514404,5.110000133514404,5.019999980926514,5.019999980926514,400,ICCC,ImmuCell Corporation - Common Stock
2025-02-10,5.429999828338623,5.5,5.0,5.21999979019165,10200,ICCC,ImmuCell Corporation - Common Stock
2025-02-11,5.059999942779541,5.289999961853027,5.059999942779541,5.239999771118164,3000,ICCC,ImmuCell Corporation - Common Stock
2025-02-12,5.050000190734863,5.179999828338623,5.0,5.0,3700,ICCC,ImmuCell Corporation - Common Stock
2025-02-13,5.0,5.389999866485596,5.0,5.03000020980835,4300,ICCC,ImmuCell Corporation - Common Stock
2025-02-14,5.050000190734863,5.150000095367432,4.949999809265137,4.949999809265137,5700,ICCC,ImmuCell Corporation - Common Stock
2025-02-18,5.019999980926514,5.25,5.0,5.25,5500,ICCC,ImmuCell Corporation - Common Stock
2025-02-19,5.150000095367432,5.170000076293945,4.840000152587891,4.840000152587891,1400,ICCC,ImmuCell Corporation - Common Stock
2025-02-20,5.010000228881836,5.010000228881836,4.929999828338623,5.010000228881836,2000,ICCC,ImmuCell Corporation - Common Stock
2025-02-21,5.019999980926514,5.139999866485596,5.010000228881836,5.059999942779541,3200,ICCC,ImmuCell Corporation - Common Stock
2025-02-24,5.019999980926514,5.179999828338623,5.019999980926514,5.179999828338623,2300,ICCC,ImmuCell Corporation - Common Stock
2025-02-25,5.099999904632568,5.150000095367432,4.920000076293945,4.96999979019165,2300,ICCC,ImmuCell Corporation - Common Stock
2025-02-26,5.480000019073486,5.5,5.059999942779541,5.25,18900,ICCC,ImmuCell Corporation - Common Stock
2025-02-27,5.349999904632568,5.639999866485596,5.260000228881836,5.429999828338623,16800,ICCC,ImmuCell Corporation - Common Stock
2025-02-28,5.28000020980835,5.369999885559082,5.099999904632568,5.260000228881836,6700,ICCC,ImmuCell Corporation - Common Stock
2025-03-03,5.159999847412109,5.269999980926514,5.110000133514404,5.110000133514404,2800,ICCC,ImmuCell Corporation - Common Stock
2025-03-04,5.199999809265137,5.539999961853027,5.019999980926514,5.099999904632568,5000,ICCC,ImmuCell Corporation - Common Stock
2025-03-05,5.110000133514404,5.239999771118164,5.110000133514404,5.239999771118164,5200,ICCC,ImmuCell Corporation - Common Stock
2025-03-06,5.230000019073486,5.25,5.010000228881836,5.03000020980835,3700,ICCC,ImmuCell Corporation - Common Stock
2025-03-07,5.110000133514404,5.25,5.090000152587891,5.090000152587891,12000,ICCC,ImmuCell Corporation - Common Stock
2025-03-10,4.869999885559082,5.230000019073486,4.480000019073486,5.099999904632568,36600,ICCC,ImmuCell Corporation - Common Stock
2025-03-11,4.829999923706055,5.03000020980835,4.510000228881836,4.809999942779541,11200,ICCC,ImmuCell Corporation - Common Stock
2025-03-12,4.800000190734863,5.099999904632568,4.78000020980835,4.929999828338623,19800,ICCC,ImmuCell Corporation - Common Stock
2025-03-13,4.889999866485596,4.949999809265137,4.28000020980835,4.659999847412109,15500,ICCC,ImmuCell Corporation - Common Stock
2025-03-14,4.989999771118164,5.0,4.869999885559082,4.869999885559082,2600,ICCC,ImmuCell Corporation - Common Stock
2025-03-17,4.96999979019165,4.96999979019165,4.760000228881836,4.900000095367432,2100,ICCC,ImmuCell Corporation - Common Stock
2025-03-18,4.809999942779541,4.980000019073486,4.809999942779541,4.849999904632568,4700,ICCC,ImmuCell Corporation - Common Stock
2025-03-19,4.820000171661377,4.989999771118164,4.809999942779541,4.840000152587891,11400,ICCC,ImmuCell Corporation - Common Stock
2025-03-20,4.929999828338623,4.989999771118164,4.880000114440918,4.989999771118164,1500,ICCC,ImmuCell Corporation - Common Stock
2025-03-21,4.909999847412109,5.0,4.809999942779541,5.0,18600,ICCC,ImmuCell Corporation - Common Stock
2025-03-24,4.940000057220459,4.949999809265137,4.889999866485596,4.949999809265137,1400,ICCC,ImmuCell Corporation - Common Stock
2025-03-25,4.849999904632568,4.929999828338623,4.820000171661377,4.820000171661377,12800,ICCC,ImmuCell Corporation - Common Stock
2025-03-26,4.78000020980835,4.929999828338623,4.78000020980835,4.929999828338623,5100,ICCC,ImmuCell Corporation - Common Stock
2025-03-27,4.900000095367432,5.050000190734863,4.559999942779541,4.860000133514404,36200,ICCC,ImmuCell Corporation - Common Stock
2025-03-28,5.010000228881836,5.039999961853027,4.710000038146973,5.0,9900,ICCC,ImmuCell Corporation - Common Stock
2025-03-31,4.789999961853027,5.150000095367432,4.789999961853027,4.960000038146973,9900,ICCC,ImmuCell Corporation - Common Stock
2025-04-01,5.0,5.5,4.820000171661377,5.079999923706055,77300,ICCC,ImmuCell Corporation - Common Stock
2025-04-02,5.420000076293945,5.5,5.199999809265137,5.300000190734863,24900,ICCC,ImmuCell Corporation - Common Stock
2025-04-03,5.380000114440918,5.679999828338623,5.320000171661377,5.420000076293945,20700,ICCC,ImmuCell Corporation - Common Stock
2025-04-04,5.360000133514404,5.71999979019165,5.300000190734863,5.300000190734863,24400,ICCC,ImmuCell Corporation - Common Stock
2025-04-07,5.380000114440918,5.400000095367432,5.110000133514404,5.289999961853027,13700,ICCC,ImmuCell Corporation - Common Stock
2025-04-08,4.809999942779541,5.380000114440918,4.760000228881836,5.139999866485596,35100,ICCC,ImmuCell Corporation - Common Stock
2025-04-09,4.929999828338623,5.230000019073486,4.630000114440918,4.909999847412109,20700,ICCC,ImmuCell Corporation - Common Stock
2025-04-10,5.070000171661377,5.340000152587891,4.849999904632568,5.019999980926514,93400,ICCC,ImmuCell Corporation - Common Stock
2025-04-11,5.409999847412109,5.550000190734863,5.0,5.0,128300,ICCC,ImmuCell Corporation - Common Stock
2025-04-14,5.5,5.550000190734863,5.150000095367432,5.5,144400,ICCC,ImmuCell Corporation - Common Stock
2025-04-15,5.389999866485596,5.550000190734863,5.199999809265137,5.489999771118164,65700,ICCC,ImmuCell Corporation - Common Stock
2025-04-16,5.489999771118164,5.550000190734863,5.230000019073486,5.269999980926514,39600,ICCC,ImmuCell Corporation - Common Stock
2025-04-17,5.5,5.550000190734863,5.380000114440918,5.550000190734863,4100,ICCC,ImmuCell Corporation - Common Stock
2025-04-21,5.380000114440918,5.539999961853027,5.349999904632568,5.349999904632568,5200,ICCC,ImmuCell Corporation - Common Stock
2025-04-22,5.460000038146973,5.550000190734863,5.349999904632568,5.349999904632568,18300,ICCC,ImmuCell Corporation - Common Stock
2025-04-23,5.5,5.550000190734863,5.389999866485596,5.46999979019165,6000,ICCC,ImmuCell Corporation - Common Stock
2025-04-24,5.5,5.550000190734863,5.369999885559082,5.440000057220459,16800,ICCC,ImmuCell Corporation - Common Stock
2025-04-25,5.5,5.539999961853027,5.420000076293945,5.420000076293945,7300,ICCC,ImmuCell Corporation - Common Stock
2025-04-28,5.5,5.539999961853027,5.440000057220459,5.510000228881836,14400,ICCC,ImmuCell Corporation - Common Stock
2025-04-29,5.449999809265137,5.539999961853027,5.409999847412109,5.480000019073486,25500,ICCC,ImmuCell Corporation - Common Stock
2025-04-30,5.420000076293945,5.489999771118164,5.360000133514404,5.389999866485596,3200,ICCC,ImmuCell Corporation - Common Stock
2025-05-01,5.329999923706055,5.46999979019165,5.150000095367432,5.420000076293945,20400,ICCC,ImmuCell Corporation - Common Stock
2025-05-02,5.289999961853027,5.369999885559082,5.21999979019165,5.340000152587891,7300,ICCC,ImmuCell Corporation - Common Stock
2025-05-05,5.269999980926514,5.300000190734863,4.989999771118164,5.0,7900,ICCC,ImmuCell Corporation - Common Stock
2025-05-06,5.070000171661377,5.269999980926514,5.039999961853027,5.110000133514404,12800,ICCC,ImmuCell Corporation - Common Stock
2025-05-07,5.190000057220459,5.190000057220459,5.010000228881836,5.139999866485596,12200,ICCC,ImmuCell Corporation - Common Stock
2025-05-08,5.139999866485596,5.21999979019165,5.110000133514404,5.21999979019165,7500,ICCC,ImmuCell Corporation - Common Stock
2025-05-09,5.070000171661377,5.25,5.070000171661377,5.210000038146973,5100,ICCC,ImmuCell Corporation - Common Stock
2025-05-12,5.239999771118164,5.300000190734863,5.03000020980835,5.079999923706055,26200,ICCC,ImmuCell Corporation - Common Stock
2025-05-13,4.96999979019165,5.28000020980835,4.78000020980835,5.210000038146973,55200,ICCC,ImmuCell Corporation - Common Stock
2025-05-14,4.909999847412109,5.099999904632568,4.909999847412109,5.010000228881836,15300,ICCC,ImmuCell Corporation - Common Stock
2025-05-15,5.300000190734863,5.550000190734863,5.159999847412109,5.550000190734863,46400,ICCC,ImmuCell Corporation - Common Stock
2025-05-16,5.269999980926514,5.480000019073486,5.210000038146973,5.360000133514404,32200,ICCC,ImmuCell Corporation - Common Stock
2025-05-19,5.480000019073486,5.489999771118164,5.269999980926514,5.320000171661377,8800,ICCC,ImmuCell Corporation - Common Stock
2025-05-20,5.539999961853027,5.579999923706055,5.420000076293945,5.449999809265137,22800,ICCC,ImmuCell Corporation - Common Stock
2025-05-21,6.139999866485596,6.449999809265137,5.539999961853027,5.590000152587891,68300,ICCC,ImmuCell Corporation - Common Stock
2025-05-22,6.179999828338623,6.840000152587891,6.119999885559082,6.670000076293945,89700,ICCC,ImmuCell Corporation - Common Stock
2025-05-23,6.519999980926514,6.650000095367432,5.96999979019165,6.179999828338623,21000,ICCC,ImmuCell Corporation - Common Stock
2025-05-27,6.25,6.71999979019165,6.170000076293945,6.71999979019165,21700,ICCC,ImmuCell Corporation - Common Stock
2025-05-28,6.25,6.309999942779541,6.230000019073486,6.309999942779541,13900,ICCC,ImmuCell Corporation - Common Stock
2025-05-29,6.260000228881836,6.349999904632568,6.0,6.349999904632568,28200,ICCC,ImmuCell Corporation - Common Stock
2025-05-30,6.400000095367432,6.570000171661377,6.309999942779541,6.570000171661377,8800,ICCC,ImmuCell Corporation - Common Stock
2025-06-02,6.78000020980835,6.949999809265137,6.389999866485596,6.510000228881836,52500,ICCC,ImmuCell Corporation - Common Stock
2025-06-03,6.869999885559082,7.0,6.710000038146973,6.71999979019165,10600,ICCC,ImmuCell Corporation - Common Stock
2025-06-04,6.75,7.010000228881836,6.699999809265137,6.739999771118164,11300,ICCC,ImmuCell Corporation - Common Stock
2025-06-05,6.679999828338623,6.829999923706055,6.679999828338623,6.679999828338623,15800,ICCC,ImmuCell Corporation - Common Stock
2025-06-06,6.53000020980835,6.71999979019165,6.5,6.659999847412109,3500,ICCC,ImmuCell Corporation - Common Stock
2025-06-09,6.420000076293945,6.639999866485596,6.409999847412109,6.639999866485596,8800,ICCC,ImmuCell Corporation - Common Stock
2025-06-10,6.260000228881836,6.5,6.139999866485596,6.409999847412109,18000,ICCC,ImmuCell Corporation - Common Stock
2025-06-11,6.289999961853027,6.300000190734863,6.25,6.25,4600,ICCC,ImmuCell Corporation - Common Stock
2025-06-12,6.409999847412109,6.409999847412109,6.25,6.25,7800,ICCC,ImmuCell Corporation - Common Stock
2025-06-13,6.489999771118164,6.489999771118164,6.380000114440918,6.389999866485596,3800,ICCC,ImmuCell Corporation - Common Stock
2025-06-16,6.349999904632568,6.579999923706055,6.269999980926514,6.5,5200,ICCC,ImmuCell Corporation - Common Stock
2025-06-17,6.329999923706055,6.5,6.269999980926514,6.269999980926514,6200,ICCC,ImmuCell Corporation - Common Stock
2025-06-18,6.119999885559082,6.400000095367432,6.119999885559082,6.28000020980835,12100,ICCC,ImmuCell Corporation - Common Stock
2025-06-20,7.599999904632568,7.599999904632568,5.510000228881836,6.239999771118164,204800,ICCC,ImmuCell Corporation - Common Stock
2025-06-23,6.650000095367432,7.28000020980835,6.570000171661377,7.199999809265137,57100,ICCC,ImmuCell Corporation - Common Stock
2025-06-24,6.880000114440918,7.159999847412109,6.760000228881836,6.889999866485596,14200,ICCC,ImmuCell Corporation - Common Stock
2025-06-25,6.139999866485596,7.550000190734863,5.630000114440918,6.78000020980835,399900,ICCC,ImmuCell Corporation - Common Stock
2025-06-26,6.789999961853027,6.789999961853027,6.289999961853027,6.389999866485596,20500,ICCC,ImmuCell Corporation - Common Stock
2025-06-27,6.75,7.139999866485596,6.320000171661377,6.869999885559082,21500,ICCC,ImmuCell Corporation - Common Stock
2025-06-30,6.960000038146973,7.0,6.539999961853027,6.800000190734863,19600,ICCC,ImmuCell Corporation - Common Stock
2025-07-01,6.619999885559082,6.980000019073486,6.599999904632568,6.869999885559082,6100,ICCC,ImmuCell Corporation - Common Stock
2025-07-02,6.389999866485596,6.760000228881836,6.389999866485596,6.760000228881836,3300,ICCC,ImmuCell Corporation - Common Stock
2025-07-03,6.400000095367432,6.53000020980835,6.210000038146973,6.329999923706055,1800,ICCC,ImmuCell Corporation - Common Stock
2025-07-07,6.539999961853027,6.71999979019165,6.260000228881836,6.260000228881836,14800,ICCC,ImmuCell Corporation - Common Stock
2025-07-08,6.630000114440918,6.860000133514404,6.550000190734863,6.650000095367432,6000,ICCC,ImmuCell Corporation - Common Stock
2025-07-09,6.75,6.860000133514404,6.610000133514404,6.739999771118164,26800,ICCC,ImmuCell Corporation - Common Stock
2025-07-10,6.519999980926514,6.650000095367432,6.260000228881836,6.260000228881836,16500,ICCC,ImmuCell Corporation - Common Stock
2025-07-11,6.480000019073486,6.619999885559082,6.389999866485596,6.590000152587891,14900,ICCC,ImmuCell Corporation - Common Stock
2025-07-14,6.5,6.630000114440918,6.409999847412109,6.46999979019165,10300,ICCC,ImmuCell Corporation - Common Stock
2025-07-15,6.260000228881836,6.5,6.260000228881836,6.46999979019165,14200,ICCC,ImmuCell Corporation - Common Stock
2025-07-16,6.460000038146973,6.590000152587891,6.340000152587891,6.340000152587891,15600,ICCC,ImmuCell Corporation - Common Stock
2025-07-17,6.599999904632568,6.800000190734863,6.489999771118164,6.53000020980835,13300,ICCC,ImmuCell Corporation - Common Stock
2025-07-18,6.619999885559082,6.71999979019165,6.590000152587891,6.71999979019165,2600,ICCC,ImmuCell Corporation - Common Stock
2025-07-21,6.820000171661377,7.199999809265137,6.78000020980835,6.900000095367432,59600,ICCC,ImmuCell Corporation - Common Stock
2025-07-22,6.829999923706055,6.909999847412109,6.75,6.909999847412109,26100,ICCC,ImmuCell Corporation - Common Stock
2025-07-23,6.949999809265137,7.099999904632568,6.849999904632568,7.010000228881836,3600,ICCC,ImmuCell Corporation - Common Stock
2025-07-24,6.760000228881836,7.050000190734863,6.75,6.989999771118164,14300,ICCC,ImmuCell Corporation - Common Stock
2025-07-25,6.610000133514404,6.960000038146973,6.590000152587891,6.739999771118164,9900,ICCC,ImmuCell Corporation - Common Stock
2025-07-28,6.630000114440918,6.889999866485596,6.630000114440918,6.889999866485596,1800,ICCC,ImmuCell Corporation - Common Stock
2025-07-29,6.489999771118164,7.300000190734863,6.25,6.630000114440918,61100,ICCC,ImmuCell Corporation - Common Stock
2025-07-30,6.460000038146973,6.829999923706055,6.300000190734863,6.710000038146973,3600,ICCC,ImmuCell Corporation - Common Stock
2025-07-31,6.369999885559082,6.599999904632568,6.25,6.46999979019165,3000,ICCC,ImmuCell Corporation - Common Stock
2025-08-01,6.0,6.349999904632568,5.989999771118164,6.239999771118164,20400,ICCC,ImmuCell Corporation - Common Stock
2025-08-04,6.25,6.320000171661377,6.019999980926514,6.090000152587891,2600,ICCC,ImmuCell Corporation - Common Stock
2025-08-05,6.190000057220459,6.349999904632568,6.019999980926514,6.349999904632568,11200,ICCC,ImmuCell Corporation - Common Stock
2025-08-06,6.179999828338623,6.429999828338623,6.130000114440918,6.150000095367432,11700,ICCC,ImmuCell Corporation - Common Stock
2025-08-07,6.139999866485596,6.210000038146973,6.139999866485596,6.210000038146973,3500,ICCC,ImmuCell Corporation - Common Stock
2025-08-08,6.659999847412109,6.769999980926514,6.190000057220459,6.190000057220459,6000,ICCC,ImmuCell Corporation - Common Stock
2025-08-11,6.659999847412109,6.659999847412109,6.53000020980835,6.619999885559082,2500,ICCC,ImmuCell Corporation - Common Stock
2025-08-12,6.650000095367432,7.019999980926514,6.550000190734863,6.78000020980835,11000,ICCC,ImmuCell Corporation - Common Stock
2025-08-13,6.53000020980835,6.800000190734863,6.53000020980835,6.650000095367432,3700,ICCC,ImmuCell Corporation - Common Stock
2025-08-14,6.71999979019165,6.900000095367432,6.46999979019165,6.619999885559082,4900,ICCC,ImmuCell Corporation - Common Stock
2025-08-15,6.099999904632568,6.760000228881836,5.920000076293945,6.760000228881836,33000,ICCC,ImmuCell Corporation - Common Stock
2025-08-18,6.110000133514404,6.300000190734863,6.019999980926514,6.119999885559082,17800,ICCC,ImmuCell Corporation - Common Stock
2025-08-19,5.900000095367432,6.210000038146973,5.900000095367432,6.139999866485596,11300,ICCC,ImmuCell Corporation - Common Stock
2025-08-20,6.039999961853027,6.039999961853027,6.039999961853027,6.039999961853027,800,ICCC,ImmuCell Corporation - Common Stock
2025-08-21,5.980000019073486,6.050000190734863,5.96999979019165,5.989999771118164,1500,ICCC,ImmuCell Corporation - Common Stock
2025-08-22,6.090000152587891,6.099999904632568,6.010000228881836,6.050000190734863,4400,ICCC,ImmuCell Corporation - Common Stock
2025-08-25,6.090000152587891,6.090000152587891,5.960000038146973,6.079999923706055,11200,ICCC,ImmuCell Corporation - Common Stock
2025-08-26,6.25,6.289999961853027,6.119999885559082,6.289999961853027,15300,ICCC,ImmuCell Corporation - Common Stock
2025-08-27,6.099999904632568,6.300000190734863,6.099999904632568,6.25,5700,ICCC,ImmuCell Corporation - Common Stock
2025-08-28,6.119999885559082,6.150000095367432,6.119999885559082,6.130000114440918,3100,ICCC,ImmuCell Corporation - Common Stock
2025-08-29,6.400000095367432,6.420000076293945,6.139999866485596,6.289999961853027,7000,ICCC,ImmuCell Corporation - Common Stock
2025-09-02,6.179999828338623,7.0,6.179999828338623,6.289999961853027,5600,ICCC,ImmuCell Corporation - Common Stock
2025-09-03,6.53000020980835,6.53000020980835,6.519999980926514,6.519999980926514,3900,ICCC,ImmuCell Corporation - Common Stock
2025-09-04,6.519999980926514,6.800000190734863,6.289999961853027,6.679999828338623,6300,ICCC,ImmuCell Corporation - Common Stock
2025-09-05,6.329999923706055,6.449999809265137,6.320000171661377,6.320000171661377,1100,ICCC,ImmuCell Corporation - Common Stock
2025-09-08,6.559999942779541,6.559999942779541,6.559999942779541,6.559999942779541,1600,ICCC,ImmuCell Corporation - Common Stock
2025-09-09,6.159999847412109,6.5,6.139999866485596,6.349999904632568,3100,ICCC,ImmuCell Corporation - Common Stock
2025-09-10,6.159999847412109,6.349999904632568,6.130000114440918,6.130000114440918,4800,ICCC,ImmuCell Corporation - Common Stock
2025-09-11,6.130000114440918,6.420000076293945,6.130000114440918,6.25,13000,ICCC,ImmuCell Corporation - Common Stock
2025-09-12,5.920000076293945,6.119999885559082,5.900000095367432,6.119999885559082,6800,ICCC,ImmuCell Corporation - Common Stock
2025-09-15,5.949999809265137,6.0,5.639999866485596,5.900000095367432,40200,ICCC,ImmuCell Corporation - Common Stock
2025-09-16,5.900000095367432,5.900000095367432,5.590000152587891,5.590000152587891,1300,ICCC,ImmuCell Corporation - Common Stock
2025-09-17,5.650000095367432,5.670000076293945,5.650000095367432,5.670000076293945,1300,ICCC,ImmuCell Corporation - Common Stock
2025-09-18,5.659999847412109,5.789999961853027,5.599999904632568,5.639999866485596,4600,ICCC,ImmuCell Corporation - Common Stock
2025-09-19,5.960000038146973,6.010000228881836,5.800000190734863,5.980000019073486,12100,ICCC,ImmuCell Corporation - Common Stock
2025-09-22,6.25,6.25,6.019999980926514,6.170000076293945,6900,ICCC,ImmuCell Corporation - Common Stock
2025-09-23,6.199999809265137,6.239999771118164,6.099999904632568,6.099999904632568,2500,ICCC,ImmuCell Corporation - Common Stock
2025-09-24,6.059999942779541,6.25,6.059999942779541,6.230000019073486,11500,ICCC,ImmuCell Corporation - Common Stock
2025-09-25,6.050000190734863,6.050000190734863,5.949999809265137,6.050000190734863,1300,ICCC,ImmuCell Corporation - Common Stock
2025-09-26,6.03000020980835,6.179999828338623,5.869999885559082,6.099999904632568,7200,ICCC,ImmuCell Corporation - Common Stock
2025-09-29,6.179999828338623,6.179999828338623,5.71999979019165,5.900000095367432,16700,ICCC,ImmuCell Corporation - Common Stock
2025-09-30,6.25,6.699999809265137,6.0,6.25,106200,ICCC,ImmuCell Corporation - Common Stock
2025-10-01,6.599999904632568,6.989999771118164,6.400000095367432,6.400000095367432,28800,ICCC,ImmuCell Corporation - Common Stock
2025-10-02,6.550000190734863,6.840000152587891,6.519999980926514,6.690000057220459,12600,ICCC,ImmuCell Corporation - Common Stock
2025-10-03,6.309999942779541,6.650000095367432,6.309999942779541,6.650000095367432,13900,ICCC,ImmuCell Corporation - Common Stock
2025-10-06,6.349999904632568,6.639999866485596,6.300000190734863,6.329999923706055,19900,ICCC,ImmuCell Corporation - Common Stock
2025-10-07,6.449999809265137,6.659999847412109,6.449999809265137,6.579999923706055,9200,ICCC,ImmuCell Corporation - Common Stock
2025-10-08,6.590000152587891,6.829999923706055,6.5,6.550000190734863,27500,ICCC,ImmuCell Corporation - Common Stock
2025-10-09,6.71999979019165,6.989999771118164,6.5,6.670000076293945,33400,ICCC,ImmuCell Corporation - Common Stock
2025-10-10,6.800000190734863,6.989999771118164,6.699999809265137,6.699999809265137,26500,ICCC,ImmuCell Corporation - Common Stock
2025-10-13,6.579999923706055,6.980000019073486,6.579999923706055,6.800000190734863,27400,ICCC,ImmuCell Corporation - Common Stock
2025-10-14,6.519999980926514,6.989999771118164,6.519999980926514,6.789999961853027,6100,ICCC,ImmuCell Corporation - Common Stock
2025-10-15,6.630000114440918,6.849999904632568,6.190000057220459,6.46999979019165,69500,ICCC,ImmuCell Corporation - Common Stock
2025-10-16,6.25,6.639999866485596,6.25,6.639999866485596,12900,ICCC,ImmuCell Corporation - Common Stock
2025-10-17,6.059999942779541,6.349999904632568,6.059999942779541,6.349999904632568,8900,ICCC,ImmuCell Corporation - Common Stock
2025-10-20,6.159999847412109,6.230000019073486,6.090000152587891,6.230000019073486,10800,ICCC,ImmuCell Corporation - Common Stock
2025-10-21,6.130000114440918,6.340000152587891,6.070000171661377,6.130000114440918,9200,ICCC,ImmuCell Corporation - Common Stock
2025-10-22,6.489999771118164,6.489999771118164,6.010000228881836,6.110000133514404,7600,ICCC,ImmuCell Corporation - Common Stock
2025-10-23,6.059999942779541,6.269999980926514,6.010000228881836,6.269999980926514,13800,ICCC,ImmuCell Corporation - Common Stock
2025-10-24,6.079999923706055,6.159999847412109,6.079999923706055,6.139999866485596,11100,ICCC,ImmuCell Corporation - Common Stock
2025-10-27,6.239999771118164,6.75,6.119999885559082,6.159999847412109,37600,ICCC,ImmuCell Corporation - Common Stock
2025-10-28,6.159999847412109,6.650000095367432,6.159999847412109,6.159999847412109,60200,ICCC,ImmuCell Corporation - Common Stock
2025-10-29,6.03000020980835,6.309999942779541,5.889999866485596,6.190000057220459,39900,ICCC,ImmuCell Corporation - Common Stock
2025-10-30,6.090000152587891,6.139999866485596,6.039999961853027,6.139999866485596,4700,ICCC,ImmuCell Corporation - Common Stock
2025-10-31,6.239999771118164,6.28000020980835,6.159999847412109,6.159999847412109,11400,ICCC,ImmuCell Corporation - Common Stock
2025-11-03,6.210000038146973,6.239999771118164,5.900000095367432,6.170000076293945,11600,ICCC,ImmuCell Corporation - Common Stock
2025-11-04,6.0,6.190000057220459,5.949999809265137,6.190000057220459,4400,ICCC,ImmuCell Corporation - Common Stock
2025-11-05,6.300000190734863,6.300000190734863,6.070000171661377,6.099999904632568,6200,ICCC,ImmuCell Corporation - Common Stock
2025-11-06,6.309999942779541,6.309999942779541,6.070000171661377,6.159999847412109,25300,ICCC,ImmuCell Corporation - Common Stock
